                            P         Log(B)      Log(Age)  Log(Edot)     sym
 B0144+59              0.196321368  11.3560257  7.08278561  33.113945
  0.762980759

 B0355+54              0.156382412  11.9237623  5.75127888  34.6532135
  0.776865959

 B0402+61              0.59457618  12.2648182  6.22788668  33.  0.707010269

 B0458+46              0.638565481  12.2810335  6.25767851  32.9294205
  0.779144824

 B0525+21              3.74553919  13.0934219  6.17026186  31.4771214
  0.862060905

 B0531+21              0.0330847166  12.5774918  3.0934217  INF  0.895707786

 B0559-05              0.395969182  11.8615341  6.68304682  32.9190788
  0.82588315

 B0656+14              0.384891182  12.6683855  5.0453229  34.5797844
  0.735225141

 B0740-28              0.166762292  12.2278872  5.19589949  35.1461296
  0.936311722

 B0919+06              0.430627108  12.3891659  5.69983768  33.8260765
  0.941256106

 B1259-63              0.0477625057  11.5237465  5.52113819  35.9138145
  0.630584955

 B1642-03              0.38768971  11.9247961  6.53781891  33.0791817
  0.587698638

 B1702-19              0.298987418  12.0530787  6.05690479  33.7853317
  0.834386885

 B1737-30              0.606886625  13.2304487  4.31386709  34.9138145
  0.63935411

 B1800-21              0.133666918  12.6324577  4.19865704  36.3424225
  0.698200464

 B1800-21              0.133666918  12.6324577  4.19865704  36.3424225
  0.591412544

 B1822-09              0.769005835  12.8082113  5.36548805  33.6627579
  0.785330951

 B1823-13              0.101486795  12.4471579  4.33041382  36.4471588
  0.587688923

 B1853+01              0.267439604  12.8779469  4.30749607  35.6334686
  0.562953174

 B1913+10              0.404547483  12.3996735  5.62324905  33.9590416
  0.829728425

 B1913+10              0.404547483  12.3996735  5.62324905  33.9590416
  0.920962691

 B1935+25              0.200980201  11.561101  6.69460535  33.4913635
  0.747708917

 B2334+61              0.495369881  12.9960737  4.60852623  34.7993393
  0.967905402
