                           P          Log(B)     Log(Age)    Log(Edot)    sym
 B0031-07              0.942951024  11.7979593  7.56348085  31.2787533
  0.823520362

 B0052+51              2.11517119  12.6580114  6.54530716  31.6020603
  0.795758188

 B0136+57              0.272450626  12.2380457  5.60530519  34.3222198
  0.795758188

 B0138+59              1.22294855  11.8450985  7.69460535  30.9242802
  0.704049051

 B0301+19              1.38758445  12.1335392  7.23044872  31.2787533
  0.724357963

 B0320+39              3.03207207  12.1461277  7.87852192  29.9542427
  0.836823106

 B0329+54              0.71451968  12.08636    6.7427249  32.3424225  0.795793891

 B0353+52              0.197030097  11.4913616  6.81624126  33.3979416
  0.976405621

 B0450+55              0.340729445  11.9590416  6.35793495  33.3802109
  0.817224562

 B0450-18              0.548939228  12.2552729  6.17897701  33.1461296
  0.686044574

 B0540+23              0.245974764  12.294466  5.40312052  34.6127853
  0.831222892

 B0611+22              0.334959954  12.655138  4.95085144  34.7923927
  0.984664798

 B0626+24              0.47662285  11.9943171  6.57749176  32.8633232
  0.843432903

 B0628-28              1.24441862  12.4785662  6.44247961  32.1760902
  0.605295897

 B0809+74              1.29224145  11.6739416  8.08635998  30.4913616
  0.783649087

 B0818-13              1.2381295  12.2121878  6.96941614  31.6434536
  0.94092375

 B0823+26              0.53066051  11.9840775  6.6919651  32.6532135
  0.694993973

 B0834+06              1.27376831  12.4742165  6.47275639  32.113945
  0.754953444

 B0906-17              0.401625633  11.7201595  6.9777236  32.6127853
  0.767893732

 B0942-13              0.570264101  11.2121878  8.30103016  30.9822712
  0.720495284

 B0950+08              0.253065169  11.3873901  7.24303818  32.748188
  0.633474708

 B1039-19              1.38636804  12.0644579  7.36548805  31.1461277
  0.801563144

 B1133+16              1.18791306  12.3283796  6.70243073  31.9444828
  0.741985619

 B1237+25              1.38244915  12.0681858  7.35793495  31.1461277
  0.826081097

 B1254-10              0.617307663  11.680335  7.43136358  31.7853298
  0.821183562

 B1541+09              0.748448431  11.7604227  7.43775034  31.6127834
  0.851245403

 B1604-00              0.42181623  11.561101  7.33845663  32.2041206
  0.600867927

 B1649-23              1.70373917  12.371068  6.9319663  31.3979397
  0.767818868

 B1706-16              0.653053999  12.3117542  6.21484375  32.9493904
  0.888563275

 B1737+13              0.80305028  12.0374269  6.94299936  32.0413933
  0.868487775

 B1821+05              0.752906561  11.6211767  7.72098589  31.3222198
  0.811417282

 B1831-04              0.290108204  11.1643524  7.80550098  32.0791817
  0.676520705

 B1839+56              1.65286183  12.2013969  7.24303818  31.1139431
  0.5657956

 B1839+56              1.65286183  12.2013969  7.24303818  31.1139431
  0.5657956

 B1904+06              0.267275006  11.8836613  6.29666519  33.6434517
  0.750196934

 B1911-04              0.825935781  12.2671719  6.50785589  32.4623985
  0.762040377

 B1914+13              0.281842411  12.0128374  6.08635998  33.806179
  0.873853743

 B1915+13              0.19463098  12.0791817  5.63144398  34.5910645
  0.959148467

 B1916+14              1.18102324  13.2041197  4.94497585  33.7075691
  0.951132119

 B1919+21              1.33730221  12.1335392  7.19589949  31.3424225
  0.884764612

 B1929+10              0.226517633  11.7143297  6.49136162  33.5910645
  0.781857431

 B1933+16              0.358738422  12.1702614  5.97634983  33.7075691
  0.681367695

 B1937-26              0.4028579  11.7979593  6.82477665  32.7634277
  0.820815027

 B1944+17              0.440618485  11.0170336  8.46239758  31.0413933
  0.951924503

 B1946+35              0.717311203  12.357935  6.20682573  32.8808136
  0.647285461

 B1952+29              0.42667678  10.4361629  9.59659672  29.9395199
  0.540418804

 B2000+40              0.905066848  12.1038036  6.91645384  31.968483
  0.88119626

 B2011+38              0.230193615  12.1583624  5.61489725  34.4623985
  0.869064629

 B2016+28              0.557953477  11.4638929  7.77597427  31.5314789
  0.535610199

 B2020+28              0.343402147  11.9116898  6.45788193  33.2552719
  0.614653647

 B2021+51              0.529196918  12.11059  6.43775034  32.9138145
  0.935524404

 B2045-16              1.96157229  12.6711731  6.45331812  31.7558746
  0.719685972

 B2110+27              1.20285177  12.2552729  6.8615346  31.7708511  0.954117

 B2111+46              1.0146848  11.9355068  7.35218239  31.4313641
  0.872975051

 B2154+40              1.52526557  12.3654881  6.8475728  31.5797844
  0.802572191

 B2303+30              1.57588637  12.3344536  6.93601084  31.4623985
  0.796091259

 B2306+55              0.475067675  11.4941549  7.57634115  31.8633232
  0.918610454

 B2310+42              0.34943369  11.303196  7.69284678  32.  0.850074768

 B2319+60              2.25648832  12.6053047  6.70586348  31.3802109
  0.907987773

 B2351+61              0.944783866  12.5987902  5.96378803  32.8808136
  0.829365373

 J0215+6218            0.548879802  11.7853298  7.11727142  32.2041206
  0.756336451

 J0437-4715            0.00575745199  8.76417637  9.20139694  34.0791817
  0.567883015
