#Bname	jname	dpitrue	dpiarea	period	Bsurf	Edot	Age
B0011+47	J0014+4746	0.0254226986	0.0255024433	1.2406990389	34800000	847000000000	12000000000000000000000000000000
B0031-07	J0034-0721	0.2381095834	0.2377356804	0.9429509946	36600000	628000000000	19000000000000000000000000000000
B0037+56	J0040+5716	0.0890441404	0.0858509521	1.1182253452	6150000	1820000000000	81000000000000000000000000000000
B0045+33	J0048+3412	0.0885775835	0.0849267464	1.2170942961	8190000	1710000000000	52000000000000000000000000000000
B0052+51	J0055+5117	0.3023551297	0.3296185376	2.1151711489	3510000	4550000000000	40000000000000000000000000000000
B0053+47	J0056+4756	0.3356561497	0.281802838	0.4720366621	2250000	1270000000000	1200000000000000000000000000000000
B0059+65	J0102+6537	0.4398092673	0.429543298	1.6791642291	4470000	3200000000000	50000000000000000000000000000000
B0105+65	J0108+6608	0.3938569271	0.3827838963	1.2836598429	1560000	4140000000000	240000000000000000000000000000000
B0105+68	J0108+6905	0.2292776745	0.1960704848	1.0711181099	353000000	230000000000	1500000000000000000000000000000
B0114+58	J0117+5914	0.1920259275	0.1739628209	0.1014390665	275000	780000000000	220000000000000000000000000000000000
B0136+57	J0139+5814	0.7465017791	0.7359747821	0.272450631	403000	1730000000000	21000000000000000000000000000000000
B0138+59	J0141+6009	0.265950784	0.2659590513	1.2229485205	49500000	700000000000	8400000000000000000000000000000
B0144+59	J0147+5922	0.3196847401	0.3025113541	0.1963213754	12100000	227000000000	1300000000000000000000000000000000
B0148-06	J0151-0635	0.4398426317	0.449014807	1.4646645493	52400000	815000000000	5600000000000000000000000000000
B0149-16	J0152-1637	0.158262417	0.1562991081	0.8327416127	10200000	1050000000000	89000000000000000000000000000000
B0154+61	J0157+6212	0.1960663037	0.1965741037	2.3517449365	197000	21300000000000	570000000000000000000000000000000
B0226+70	J0231+7026	0.3739880105	0.3553972018	1.4668203062	7470000	2160000000000	39000000000000000000000000000000
B0254-53	J0255-5304	0.0569051804	0.0567664244	0.4477084441	232000000	118000000000	13000000000000000000000000000000
B0301+19	J0304+1932	0.4482816819	0.4424843401	1.3875844463	17000000	1360000000000	19000000000000000000000000000000
B0320+39	J0323+3944	0.2363377748	0.234700389	3.0320719564	75600000	1400000000000	900000000000000000000000000000
B0329+54	J0332+5434	0.163560466	0.16318687	0.7145196997	5530000	1220000000000	220000000000000000000000000000000
B0331+45	J0335+4555	0.1064778145	0.1066428206	0.2692005409	580000000	45000000000	15000000000000000000000000000000
B0339+53	J0343+5312	0.1626382325	0.1516411281	1.9344780673	2280000	5160000000000	73000000000000000000000000000000
B0353+52	J0357+5236	0.1576994973	0.1388117418	0.197030098	6550000	310000000000	2500000000000000000000000000000000
B0355+54	J0358+5413	0.1694912906	0.1662807775	0.1563824178	564000	839000000000	45000000000000000000000000000000000
B0402+61	J0406+6138	0.3660525449	0.3601970881	0.594576165	1690000	1840000000000	1000000000000000000000000000000000
B0410+69	J0415+6954	0.0607327122	0.0606665626	0.3907150899	80800000	175000000000	51000000000000000000000000000000
B0447-12	J0450-1248	0.3338570495	0.3240771943	0.4380141494	67600000	215000000000	48000000000000000000000000000000
B0458+46	J0502+4654	0.1637268846	0.1473106284	0.6385654815	1810000	1910000000000	850000000000000000000000000000000
B0531+21	J0534+2200	0.856961639	0.4327986985	0.033084716	1240	3780000000000	460000000000000000000000000000000000000
B0740-28	J0742-2822	0.5996971219	0.5992277181	0.1667622916	157000	1690000000000	140000000000000000000000000000000000
B0751+32	J0754+3231	0.2378959848	0.2395052159	1.4423494791	21200000	1260000000000	14000000000000000000000000000000
B0756-15	J0758-1528	0.3384470246	0.2565816828	0.6822651758	6680000	1060000000000	200000000000000000000000000000000
B0809+74	J0814+7429	0.3040658811	0.3030798589	1.2922414469	122000000	472000000000	3100000000000000000000000000000
B0818-13	J0820-1350	0.1497086582	0.1520151105	1.2381295439	9320000	1630000000000	44000000000000000000000000000000
B0820+02	J0823+0159	0.0485049478	0.048014458	0.8648728047	131000000	304000000000	6400000000000000000000000000000
B0823+26	J0826+2637	0.3461238418	0.345477271	0.5306605117	4920000	964000000000	450000000000000000000000000000000
B0834+06	J0837+0610	0.098368323	0.0983240603	1.2737682916	2970000	2980000000000	130000000000000000000000000000000
B0853-33	J0855-3331	0.0946668353	0.0684318663	1.2675357028	3180000	2860000000000	120000000000000000000000000000000
B0855-61	J0856-6137	0.060289301	0.0603451664	0.9625085573	9090000	1290000000000	74000000000000000000000000000000
B0906-17	J0908-1739	0.1632148286	0.1613340537	0.4016256234	9500000	525000000000	410000000000000000000000000000000
B0917+63	J0921+6254	0.3152080509	0.2942753059	1.5679940185	6890000	2410000000000	37000000000000000000000000000000
B0919+06	J0922+0638	0.374597416	0.371405739	0.4306270999	501000	2450000000000	6700000000000000000000000000000000
B0940+16	J0943+1631	0.1904949592	0.1778871937	1.0874177281	189000000	318000000000	2800000000000000000000000000000
B0942-13	J0944-1354	0.3189794803	0.3026730548	0.5702641246	200000000	163000000000	9600000000000000000000000000000
B0943+10	J0946+0951	0.1801808469	0.1820826946	1.0977057049	4980000	1980000000000	100000000000000000000000000000000
B0950+08	J0953+0755	0.2618673385	0.2615122032	0.2530651649	17500000	244000000000	560000000000000000000000000000000
B1010-23	J1012-2337	0.0665797784	0.0677655123	2.5179450205	45300000	1510000000000	2200000000000000000000000000000
B1016-16	J1018-1642	0.2991545574	0.2892674092	1.8046949458	16400000	1790000000000	12000000000000000000000000000000
B1039-19	J1041-1942	0.1418647413	0.0775198112	1.3863680746	23200000	1160000000000	14000000000000000000000000000000
B1112+50	J1115+5030	0.2485949763	0.2483138517	1.6564397599	10500000	2060000000000	22000000000000000000000000000000
B1133+16	J1136+1551	0.2961266663	0.2971847332	1.1879130659	5040000	2130000000000	88000000000000000000000000000000
B1159-58	J1202-5820	0.4081938406	0.4055014586	0.4528005082	3370000	993000000000	900000000000000000000000000000000
B1237+25	J1239+2453	0.5711532853	0.5687553449	1.382449103	22800000	1170000000000	14000000000000000000000000000000
B1254-10	J1257-1027	0.243928816	0.2356617164	0.61730767	27000000	479000000000	61000000000000000000000000000000
B1309-12	J1311-1228	0.3640373367	0.3539499276	0.4475177112	47000000	263000000000	66000000000000000000000000000000
B1322+83	J1321+8323	1.0078307102	1.0040123702	0.6700374184	18700000	623000000000	74000000000000000000000000000000
B1325-43	J1328-4357	0.2680307199	0.2624573854	0.5326988034	2800000	1280000000000	790000000000000000000000000000000
B1325-49	J1328-4921	0.1307478764	0.1299617799	1.4787213559	38400000	961000000000	7400000000000000000000000000000
B1508+55	J1509+5531	0.3213878495	0.3222577402	0.7396819229	2340000	1950000000000	490000000000000000000000000000000
B1524-39	J1527-3931	0.42440345	0.4144440142	2.4175822701	2010000	6870000000000	53000000000000000000000000000000
B1530+27	J1532+2745	0.3182944328	0.3188947008	1.1248357428	22900000	948000000000	22000000000000000000000000000000
B1534+12	J1537+1155	0.2117477987	0.2116865423	0.0379044408	248000000	9700000000	1800000000000000000000000000000000
B1540-06	J1543-0620	0.2370613836	0.2368093059	0.7090640698	12800000	799000000000	97000000000000000000000000000000
B1541+09	J1543+0929	0.4291165603	0.4264413365	0.7484484162	27400000	576000000000	41000000000000000000000000000000
B1541-52	J1544-5308	0.1008942081	0.0870963608	0.1785537997	46600000	105000000000	420000000000000000000000000000000
B1552-23	J1555-2341	0.175854562	0.1593700691	0.5325777412	12200000	615000000000	180000000000000000000000000000000
B1552-31	J1555-3134	0.090318225	0.0930012513	0.5181097798	132000000	182000000000	18000000000000000000000000000000
B1600-27	J1603-2712	0.3628488561	0.3545079164	0.7783131928	4100000	1550000000000	250000000000000000000000000000000
B1607-13	J1610-1322	0.1674312034	0.1647907998	1.0183927464	70200000	490000000000	8600000000000000000000000000000
B1612+07	J1614+0737	0.347812679	0.3083529082	1.2068014364	8100000	1710000000000	53000000000000000000000000000000
B1612-29	J1615-2940	0.2323807861	0.1575749107	2.4775678738	24800000	2000000000000	4100000000000000000000000000000
B1620-09	J1623-0908	0.118142461	0.1073833922	1.2764458195	7840000	1840000000000	49000000000000000000000000000000
B1633+24	J1635+2418	0.1582250633	0.1338975215	0.4905065128	65100000	245000000000	40000000000000000000000000000000
B1642-03	J1645-0317	0.1619969943	0.1611600281	0.387689698	3450000	841000000000	1200000000000000000000000000000000
B1648-17	J1651-1709	0.3310746786	0.330759724	0.9733936919	5080000	1740000000000	130000000000000000000000000000000
B1649-23	J1652-2404	0.2513433588	0.2421566866	1.7037391379	8550000	2350000000000	25000000000000000000000000000000
B1657-13	J1659-1305	0.086651228	0.0788525114	0.6409582002	16400000	637000000000	93000000000000000000000000000000
B1700-18	J1703-1846	0.5198885386	0.4895367559	0.8043410793	7360000	1190000000000	130000000000000000000000000000000
B1700-32	J1703-3241	0.3995249897	0.4476186529	1.2117850946	29100000	905000000000	15000000000000000000000000000000
B1702-19	J1705-1906	0.442473946	0.4701143119	0.2989874273	1140000	1130000000000	6100000000000000000000000000000000
B1706-16	J1709-1640	0.1641570221	0.1620940034	0.6530539713	1640000	2050000000000	890000000000000000000000000000000
B1709-15	J1711-1509	0.1984726635	0.1957590387	0.868804249	12500000	990000000000	66000000000000000000000000000000
B1717-16	J1720-1633	0.4433632494	0.434801751	1.565601148	4280000	3050000000000	60000000000000000000000000000000
B1717-29	J1720-2933	0.2147240441	0.211823348	0.6204483653	13200000	688000000000	120000000000000000000000000000000
B1718-02	J1720-0212	0.4732813259	0.4639915184	0.4777153437	91400000	201000000000	30000000000000000000000000000000
B1718-19	J1721-1936	0.1027057287	0.1386012924	1.0040374567	9800000	1290000000000	63000000000000000000000000000000
B1718-32	J1722-3207	0.0839712581	0.073285321	0.4771575184	11700000	562000000000	230000000000000000000000000000000
B1730-22	J1733-2228	0.1827425722	0.1667419962	0.871682833	323000000	195000000000	2500000000000000000000000000000
B1732-02	J1734-0212	0.3314902339	0.1952843342	0.839394325	31600000	602000000000	28000000000000000000000000000000
B1732-07	J1735-0724	0.1212149978	0.1168144249	0.4193349662	5470000	722000000000	650000000000000000000000000000000
B1735-32	J1738-3211	0.3812437926	0.4485250818	0.7684989455	15300000	791000000000	69000000000000000000000000000000
B1737+13	J1740+1311	0.3287890755	0.3210317332	0.8030502648	8770000	1090000000000	110000000000000000000000000000000
B1737-30	J1740-3015	0.1251399903	0.1243344461	0.6068866243	20600	17000000000000	82000000000000000000000000000000000
B1738-08	J1741-0840	0.0469414724	0.0231589964	2.0430824584	14200000	2180000000000	11000000000000000000000000000000
B1740-13	J1743-1351	0.1782684795	0.1728502188	0.4053369486	13400000	445000000000	280000000000000000000000000000000
B1740-31	J1743-3150	0.1214111054	0.114887698	2.41457552	317000	17300000000000	340000000000000000000000000000000
B1742-30	J1745-3040	0.4072358293	0.3961963247	0.3674287539	546000	2000000000000	8500000000000000000000000000000000
B1745-12	J1748-1300	0.1107100346	0.0976019231	0.3941333466	5150000	700000000000	780000000000000000000000000000000
B1747-46	J1751-4657	0.3149367791	0.3132573417	0.7423523955	9110000	991000000000	120000000000000000000000000000000
B1749-28	J1752-2806	0.1479153543	0.1471197389	0.5625576355	1100000	2160000000000	1800000000000000000000000000000000
B1753+52	J1754+5201	0.2364309598	0.1986380215	2.3913967949	24200000	1960000000000	4500000000000000000000000000000
B1754-24	J1757-2421	0.2898070374	0.2408581721	0.2341005715	287000	1760000000000	40000000000000000000000000000000000
B1756-22	J1759-2205	0.1962254559	0.1838899385	0.4609741279	672000	2270000000000	4400000000000000000000000000000000
B1758-03	J1801-0357	0.1903209556	0.1697029395	0.9214906738	4410000	1770000000000	170000000000000000000000000000000
B1800-21	J1803-2137	0.8826174751	0.5200931749	0.1336669203	15800	4290000000000	2200000000000000000000000000000000000
B1804-08	J1807-0847	0.2044923405	0.1998932574	0.1637273717	90100000	69500000000	260000000000000000000000000000000
B1810+02	J1812+0226	0.1127576884	0.0918839448	0.793902802	3490000	1710000000000	280000000000000000000000000000000
B1811+40	J1813+4013	0.3822054843	0.2809443576	0.9310890849	5790000	1560000000000	120000000000000000000000000000000
B1813-26	J1816-2650	0.1954036918	0.187493285	0.5928851304	141000000	201000000000	13000000000000000000000000000000
B1818-04	J1820-0427	0.1231125086	0.1217147091	0.5980759297	1500000	1970000000000	1200000000000000000000000000000000
B1819-22	J1822-2256	0.2355376431	0.2163518544	1.8742685183	21900000	1610000000000	8100000000000000000000000000000
B1820-30B	J1823-3021B	0.166486421	0.164691724	0.3785964922	201000000	108000000000	22000000000000000000000000000000
B1820-31	J1823-3106	0.2534268902	0.2459216577	0.284054345	1540000	923000000000	5000000000000000000000000000000000
B1821+05	J1823+0550	0.1163773791	0.1122065542	0.752906543	52600000	418000000000	21000000000000000000000000000000
B1821-19	J1824-1945	0.1157417096	0.1155905923	0.1893349899	573000	1010000000000	30000000000000000000000000000000000
B1822+00	J1825+0004	0.3998176335	0.3610412852	0.7789494001	14100000	836000000000	73000000000000000000000000000000
B1822-09	J1825-0935	0.1661132663	0.171055128	0.7690058551	232000	6430000000000	4600000000000000000000000000000000
B1823-11	J1826-1131	0.1201813835	0.1113818467	2.0931363097	6750000	3240000000000	21000000000000000000000000000000
B1826-17	J1829-1751	0.0571285663	0.0549214638	0.3071329758	877000	1320000000000	7600000000000000000000000000000000
B1826-17	J1829-1751	0.1133993915	0.1101965874	0.3071329758	877000	1320000000000	7600000000000000000000000000000000
B1829-08	J1832-0827	0.0360194542	0.0361375099	0.6472927184	161000	6510000000000	9300000000000000000000000000000000
B1829-10	J1832-1021	0.4809979206	0.1098245828	0.3303540894	1250000	1190000000000	4600000000000000000000000000000000
B1831-03	J1833-0338	0.2100531717	0.2090274049	0.6867044441	262000	5410000000000	5100000000000000000000000000000000
B1831-04	J1834-0426	0.1446571831	0.1352051863	0.2901081932	63900000	146000000000	120000000000000000000000000000000
B1839+09	J1841+0912	0.2288700288	0.2292738622	0.3813192941	5540000	652000000000	780000000000000000000000000000000
B1839+56	J1840+5640	0.3944574942	0.4008972618	1.6528618529	17500000	1590000000000	13000000000000000000000000000000
B1839-04	J1842-0359	0.1810059631	0.0580488564	1.8399443152	57300000	979000000000	3200000000000000000000000000000
B1841-04	J1844-0433	0.3122129135	0.2996845742	0.9910266164	4010000	1990000000000	160000000000000000000000000000000
B1842+14	J1844+1454	0.1484494081	0.1427969906	0.3754633785	3180000	848000000000	1400000000000000000000000000000000
B1844-04	J1847-0402	0.0592109341	0.0588681122	0.5977691513	183000	5630000000000	9600000000000000000000000000000000
B1845-01	J1848-0123	0.0965065665	0.0962312024	0.6594320505	1990000	1880000000000	720000000000000000000000000000000
B1845-19	J1848-1952	0.3751363706	0.3546545154	4.3081895986	2930000	10100000000000	11000000000000000000000000000000
B1846-06	J1849-0636	0.1132973322	0.1131610015	1.4513194711	497000	8290000000000	600000000000000000000000000000000
B1848+12	J1851+1259	0.0740212641	0.0600640088	1.2053032846	1660000	3770000000000	260000000000000000000000000000000
B1848+13	J1850+1335	0.0237440483	0.0116899278	0.3455818981	3670000	727000000000	1400000000000000000000000000000000
B1851-14	J1854-1421	0.1885686095	0.173885733	1.1465948471	4370000	2210000000000	110000000000000000000000000000000
B1853+01	J1856+0113	0.2017927159	0.223647698	0.2674396099	20300	7550000000000	430000000000000000000000000000000000
B1857-26	J1900-2600	0.470018865	0.466317502	0.6122092044	47400000	358000000000	35000000000000000000000000000000
B1859+01	J1901+0156	0.2253260334	0.2128236539	0.2882191593	1940000	834000000000	3900000000000000000000000000000000
B1859+03	J1901+0331	0.0091842135	0.0092119907	0.6554502395	1390000	2240000000000	1000000000000000000000000000000000
B1900+01	J1903+0135	0.0884244933	0.085002049	0.7293038623	2870000	1740000000000	410000000000000000000000000000000
B1900+05	J1902+0556	0.16872985	0.170994311	0.7465773564	919000	3140000000000	1200000000000000000000000000000000
B1900+06	J1902+0615	0.234739203	0.2261558736	0.6735033169	1380000	2310000000000	1000000000000000000000000000000000
B1900-06	J1903-0632	0.0237723321	0.0240726476	0.4318870847	2010000	1230000000000	1700000000000000000000000000000000
B1905+39	J1907+4002	0.5568225712	0.5481706533	1.2357574528	36200000	827000000000	11000000000000000000000000000000
B1907+00	J1909+0007	0.0725724791	0.0723266957	1.016948362	2920000	2400000000000	210000000000000000000000000000000
B1907+02	J1909+0254	0.0269467836	0.0136668743	0.9898312072	2840000	2370000000000	220000000000000000000000000000000
B1907+03	J1910+0358	0.3520200399	0.3370504906	2.3302628205	8260000	3270000000000	14000000000000000000000000000000
B1907+10	J1909+1102	0.035922666	0.0302510323	0.2836413311	1700000	876000000000	4600000000000000000000000000000000
B1907-03	J1910-0309	0.0956566346	0.0670648404	0.5046046078	3660000	1060000000000	670000000000000000000000000000000
B1911-04	J1913-0440	0.0995795324	0.097638073	0.8259358031	3220000	1850000000000	290000000000000000000000000000000
B1913+10	J1915+1009	0.2330870661	0.2271995086	0.4045474745	420000	2510000000000	9100000000000000000000000000000000
B1913+167	J1915+1647	0.144017684	0.1214364485	1.6162314951	63200000	819000000000	3800000000000000000000000000000
B1914+09	J1916+0951	0.1355612053	0.1259119136	0.2702544396	1700000	835000000000	5000000000000000000000000000000000
B1915+13	J1917+1353	0.1886345593	0.1872231059	0.1946309828	428000	1200000000000	39000000000000000000000000000000000
B1916+14	J1918+1444	0.4140652853	0.4096682391	1.1810232973	88100	16000000000000	5100000000000000000000000000000000
B1917+00	J1919+0021	0.1955136221	0.1779870972	1.2722603747	2630000	3160000000000	150000000000000000000000000000000
B1918+19	J1921+1948	0.1531082488	0.1482940952	0.8210350806	14500000	868000000000	64000000000000000000000000000000
B1918+26	J1920+2650	0.1366948493	0.1272022361	0.7855218495	362000000	166000000000	2800000000000000000000000000000
B1919+21	J1921+2153	0.2834380085	0.2740873628	1.3373021602	15700000	1360000000000	22000000000000000000000000000000
B1920+20	J1922+2018	0.2604788306	0.2252260605	1.172763402	28600000	883000000000	16000000000000000000000000000000
B1920+21	J1922+2110	0.1730816901	0.1648426995	1.077924343	2090000	3000000000000	260000000000000000000000000000000
B1923+04	J1926+0431	0.2244500426	0.2142571642	1.0740781736	6920000	1640000000000	78000000000000000000000000000000
B1924+16	J1926+1648	0.0990713355	0.0812247866	0.579822815	511000	3270000000000	3600000000000000000000000000000000
B1929+10	J1932+1059	0.8031644886	0.8020362533	0.226517635	3100000	518000000000	3900000000000000000000000000000000
B1929+20	J1932+2020	0.0866332729	0.0797225394	0.268217403	1010000	1080000000000	8600000000000000000000000000000000
B1930+22	J1932+2220	0.6940784232	0.6004677458	0.1444697651	39800	2920000000000	750000000000000000000000000000000000
B1931+24	J1933+2421	0.2778658504	0.2567867511	0.8136903028	1590000	2600000000000	590000000000000000000000000000000
B1933+16	J1935+1616	0.1472596451	0.1442273886	0.3587384108	947000	1480000000000	5100000000000000000000000000000000
B1937-26	J1941-2602	0.4454975039	0.4177048634	0.4028579089	6680000	628000000000	580000000000000000000000000000000
B1940-12	J1943-1237	0.1620298341	0.1482078727	0.9724288509	9310000	1280000000000	71000000000000000000000000000000
B1941-17	J1944-1750	0.1753229825	0.1744248069	0.8411577743	13500000	922000000000	65000000000000000000000000000000
B1943-29	J1946-2913	0.2866936126	0.2726577984	0.9594479315	10200000	1210000000000	67000000000000000000000000000000
B1943-29	J1946-2913	0.4357607318	0.3943739946	0.9594479315	10200000	1210000000000	67000000000000000000000000000000
B1944+17	J1946+1805	0.5545988634	0.5496343987	0.4406184769	290000000	104000000000	11000000000000000000000000000000
B1946+35	J1948+3540	0.1930445673	0.190977489	0.7173111741	1610000	2280000000000	760000000000000000000000000000000
B1946-25	J1949-2524	0.033305063	0.019640068	0.9576166303	4640000	1790000000000	150000000000000000000000000000000
B1951+32	J1952+3252	0.1297475809	0.1203672181	0.0395311929	107000	486000000000	3700000000000000000000000000000000000
B1952+29	J1954+2923	0.5355625544	0.5245430048	0.4266767865	3950000000	27300000000	870000000000000000000000000000
B1953+50	J1955+5059	0.2346836225	0.2311177791	0.5189379874	5990000	854000000000	390000000000000000000000000000000
B2000+32	J2002+3217	0.1964166885	0.1821489391	0.6967605102	105000	8660000000000	12000000000000000000000000000000000
B2000+40	J2002+4050	0.0748173354	0.0751598073	0.9050668203	8250000	1270000000000	93000000000000000000000000000000
B2002+31	J2004+3137	0.2234276388	0.205405608	2.1112647338	449000	12700000000000	310000000000000000000000000000000
B2003-08	J2006-0807	0.4602558223	0.456897129	0.580871337	200000000	165000000000	9300000000000000000000000000000
B2011+38	J2013+3845	0.5330743943	0.5078350717	0.2301936139	412000	1440000000000	29000000000000000000000000000000000
B2016+28	J2018+2839	0.1989488058	0.1987263665	0.5579534804	59700000	291000000000	34000000000000000000000000000000
B2020+28	J2022+2854	0.3983501479	0.3926178402	0.3434021578	2870000	816000000000	1800000000000000000000000000000000
B2021+51	J2022+5154	0.7119019942	0.7095594759	0.5291969178	2740000	1290000000000	820000000000000000000000000000000
B2022+50	J2023+5037	0.2468079832	0.2365999153	0.3726190545	2350000	979000000000	1900000000000000000000000000000000
B2027+37	J2029+3744	0.0957951097	0.0922948294	1.2168046577	1560000	3920000000000	270000000000000000000000000000000
B2035+36	J2037+3621	0.8819925959	0.496066202	0.6187150842	2180000	1690000000000	750000000000000000000000000000000
B2043-04	J2046-0421	0.2436862552	0.2388483046	1.5469381169	16700000	1530000000000	16000000000000000000000000000000
B2044+15	J2046+1540	0.2871937275	0.2829569581	1.1382856833	98900000	461000000000	4900000000000000000000000000000
B2045+56	J2046+5708	0.343840918	0.3042741748	0.4767348421	679000	2330000000000	4100000000000000000000000000000000
B2045-16	J2048-1616	0.4635488497	0.463150565	1.9615723036	2840000	4690000000000	57000000000000000000000000000000
B2053+21	J2055+2209	0.3379603076	0.3229190236	0.8151811028	9640000	1060000000000	98000000000000000000000000000000
B2053+36	J2055+3630	0.1548587424	0.1496542247	0.2215076383	9510000	289000000000	1300000000000000000000000000000000
B2106+44	J2108+4441	0.0986228744	0.0919287362	0.4148705369	76200000	191000000000	48000000000000000000000000000000
B2110+27	J2113+2754	0.151572046	0.1395067164	1.2028517541	7270000	1800000000000	59000000000000000000000000000000
B2111+46	J2113+4644	0.1071195178	0.1071322984	1.0146847932	22500000	862000000000	27000000000000000000000000000000
B2113+14	J2116+1414	0.1383783529	0.1182219549	0.4401530669	24100000	361000000000	130000000000000000000000000000000
B2148+52	J2150+5247	0.158433416	0.1509153633	0.3322056715	521000	1850000000000	11000000000000000000000000000000000
B2148+63	J2149+6329	0.1524516959	0.1491926883	0.3801403447	35800000	256000000000	120000000000000000000000000000000
B2152-31	J2155-3118	0.2289466021	0.2520210011	1.030002112	13200000	1140000000000	45000000000000000000000000000000
B2154+40	J2157+4017	0.4813534483	0.4788141256	1.525265634	7040000	2320000000000	38000000000000000000000000000000
B2210+29	J2212+2933	0.0507988825	0.0509911273	1.0045925289	32100000	714000000000	19000000000000000000000000000000
B2217+47	J2219+4754	0.1107025501	0.1051940527	0.5384688219	3090000	1230000000000	700000000000000000000000000000000
B2224+65	J2225+6535	0.2716880182	0.2523500378	0.6825424974	1120000	2600000000000	1200000000000000000000000000000000
B2227+61	J2229+6205	0.1491292554	0.1266274417	0.4430545606	3110000	1010000000000	1000000000000000000000000000000000
B2255+58	J2257+5909	0.133185542	0.1181033521	0.3682464543	1010000	1470000000000	4500000000000000000000000000000000
B2303+30	J2305+3100	0.2227789538	0.2170526165	1.5758863384	8630000	2160000000000	29000000000000000000000000000000
B2303+46	J2305+4707	0.0654859246	0.0542321361	1.0663710716	29700000	788000000000	19000000000000000000000000000000
B2306+55	J2308+5547	0.2728895694	0.2594974343	0.4750676748	37700000	312000000000	73000000000000000000000000000000
B2310+42	J2313+4253	0.2478679698	0.2468099918	0.3494336821	49300000	201000000000	100000000000000000000000000000000
B2315+21	J2317+2149	0.2765959464	0.2749500208	1.4446531023	21900000	1240000000000	14000000000000000000000000000000
B2319+60	J2321+6024	0.0945105083	0.0894592436	2.2564884268	5080000	4030000000000	24000000000000000000000000000000
B2324+60	J2326+6113	0.167450547	0.1576795284	0.2336519695	10500000	290000000000	1100000000000000000000000000000000
B2327-20	J2330-2005	0.4165034502	0.4122621584	1.6436221853	5620000	2790000000000	41000000000000000000000000000000
B2334+61	J2337+6151	0.1089019701	0.0967746393	0.495369868	40600	9910000000000	63000000000000000000000000000000000
B2351+61	J2354+6155	0.1839485833	0.180273178	0.9447838867	920000	3970000000000	760000000000000000000000000000000
J0034-0534	J0034-0534	0.0296292164	0.0284751602	0.0018771819	5990000000	97700000	30000000000000000000000000000000000
J0134-2937	J0134-2937	0.8263705101	0.806473726	0.1369615841	27700000	105000000000	1200000000000000000000000000000000
J0218+4232	J0218+4232	0.3777593691	0.3636072825	0.0023230905	476000000	429000000	240000000000000000000000000000000000
J0459-0210	J0459-0210	0.1482692052	0.1446388931	1.1330761237	12800000	1270000000000	38000000000000000000000000000000
J0520-2553	J0520-2553	0.1008547957	0.1009070379	0.2416421757	127000000	86300000000	84000000000000000000000000000000
J0540-7125	J0540-7125	0.2633727485	0.2547066863	1.286014595	24800000	1040000000000	15000000000000000000000000000000
J0613-0200	J0613-0200	0.3253833867	0.2968685637	0.0030618441	5060000000	173000000	13000000000000000000000000000000000
J0621+1002	J0621+1002	0.2411853186	0.1970372964	0.0288538607	9660000000	1180000000	78000000000000000000000000000000
J1022+1001	J1022+1001	0.7458263764	0.7454510961	0.01645293	6010000000	855000000	380000000000000000000000000000000
J1034-3224	J1034-3224	0.122016506	0.1174904177	1.1505904284	79100000	521000000000	6000000000000000000000000000000
J1047-3032	J1047-3032	0.1899734393	0.1827185899	0.3303280523	85800000	144000000000	67000000000000000000000000000000
J1123-4844	J1123-4844	0.1073350824	0.102737157	0.2448384784	59300000	128000000000	180000000000000000000000000000000
J1126-6942	J1126-6942	0.1999047243	0.1949587095	0.579416438	2780000	1400000000000	670000000000000000000000000000000
J1210-5559	J1210-5559	0.1658337606	0.1601284211	0.2797673308	6110000	456000000000	1300000000000000000000000000000000
J1253-5820	J1253-5820	0.5347578176	0.5330283876	0.2554963274	1930000	741000000000	5000000000000000000000000000000000
J1418-3921	J1418-3921	0.1243180208	0.1245872	1.0968060034	19500000	999000000000	27000000000000000000000000000000
J1542-5034	J1542-5034	0.1722152274	0.1571935123	0.5992450364	2390000	1560000000000	730000000000000000000000000000000
J1648-3256	J1648-3256	0.1205497243	0.1088786199	0.7194547794	3230000	1610000000000	370000000000000000000000000000000
J1700-3312	J1700-3312	0.3448558714	0.3275600854	1.3583070105	4570000	2560000000000	74000000000000000000000000000000
J1708-3426	J1708-3426	0.0263973061	0.0241342667	0.6921132465	2610000	1730000000000	500000000000000000000000000000000
J1713+0747	J1713+0747	0.4072469683	0.3888646668	0.0045701365	8490000000	200000000	3500000000000000000000000000000000
J1817-3837	J1817-3837	0.0931696059	0.0760928761	0.3844867839	10500000	478000000000	400000000000000000000000000000000
J1852-2610	J1852-2610	0.4199713433	0.4063244792	0.3363371316	60800000	174000000000	91000000000000000000000000000000
J1911-1114	J1911-1114	0.2561713675	0.2551156366	0.0036257456	4060000000	229000000	12000000000000000000000000000000000
J1932-3655	J1932-3655	0.4041039843	0.3886729828	0.5714203197	31900000	408000000000	60000000000000000000000000000000
J2051-0827	J2051-0827	0.1720151022	0.1707875833	0.0045086417	5610000000	242000000	5500000000000000000000000000000000
J2145-0750	J2145-0750	0.1682202324	0.164810706	0.0160524239	8540000000	700000000	280000000000000000000000000000000
J2346-0609	J2346-0609	0.4250503477	0.4239712393	1.181463383	13700000	1280000000000	33000000000000000000000000000000
