Bname	jname	dpitrue	dpiarea	period	Bsurf	Edot	Age
B0011+47	J0014+4746	0.2244712705	0.2219600725	1.2406990389	34800000	847000000000	12000000000000000000000000000000
B0031-07	J0034-0721	0.2220048811	0.2217605418	0.9429509946	36600000	628000000000	19000000000000000000000000000000
B0037+56	J0040+5716	0.1176822149	0.1133738406	1.1182253452	6150000	1820000000000	81000000000000000000000000000000
B0045+33	J0048+3412	0.1606874675	0.1280911618	1.2170942961	8190000	1710000000000	52000000000000000000000000000000
B0052+51	J0055+5117	0.3618036987	0.3567178045	2.1151711489	3510000	4550000000000	40000000000000000000000000000000
B0053+47	J0056+4756	0.3842534555	0.3698797371	0.4720366621	2250000	1270000000000	1200000000000000000000000000000000
B0059+65	J0102+6537	0.3958314561	0.3917189179	1.6791642291	4470000	3200000000000	50000000000000000000000000000000
B0105+65	J0108+6608	0.4740182534	0.4687411794	1.2836598429	1560000	4140000000000	240000000000000000000000000000000
B0105+68	J0108+6905	0.3342474058	0.31381008	1.0711181099	353000000	230000000000	1500000000000000000000000000000
B0114+58	J0117+5914	0.1406398321	0.1357440463	0.1014390665	275000	780000000000	220000000000000000000000000000000000
B0136+57	J0139+5814	0.7908075374	0.7892111997	0.272450631	403000	1730000000000	21000000000000000000000000000000000
B0138+59	J0141+6009	0.3168051331	0.3159599987	1.2229485205	49500000	700000000000	8400000000000000000000000000000
B0144+59	J0147+5922	0.3468735305	0.350379754	0.1963213754	12100000	227000000000	1300000000000000000000000000000000
B0148-06	J0151-0635	0.4457832739	0.4430648549	1.4646645493	52400000	815000000000	5600000000000000000000000000000
B0149-16	J0152-1637	0.121596676	0.1211646886	0.8327416127	10200000	1050000000000	89000000000000000000000000000000
B0149-16	J0152-1637	0.1586241854	0.1574399723	0.8327416127	10200000	1050000000000	89000000000000000000000000000000
B0153+39	J0156+3949	0.5625102638	0.5814997059	1.8115606113	189000000	530000000000	1000000000000000000000000000000
B0154+61	J0157+6212	0.1998829426	0.1932290271	2.3517449365	197000	21300000000000	570000000000000000000000000000000
B0203-40	J0206-4028	0.1676757604	0.1647126859	0.6305501408	8330000	880000000000	190000000000000000000000000000000
B0226+70	J0231+7026	0.2963692591	0.2939182185	1.4668203062	7470000	2160000000000	39000000000000000000000000000000
B0254-53	J0255-5304	0.0916181907	0.0897036624	0.4477084441	232000000	118000000000	13000000000000000000000000000000
B0301+19	J0304+1932	0.3868228446	0.3870617658	1.3875844463	17000000	1360000000000	19000000000000000000000000000000
B0320+39	J0323+3944	0.3309895979	0.3281442731	3.0320719564	75600000	1400000000000	900000000000000000000000000000
B0329+54	J0332+5434	0.1519814862	0.151975962	0.7145196997	5530000	1220000000000	220000000000000000000000000000000
B0331+45	J0335+4555	0.2272363465	0.2219542753	0.2692005409	580000000	45000000000	15000000000000000000000000000000
B0339+53	J0343+5312	0.2435063941	0.2238273386	1.9344780673	2280000	5160000000000	73000000000000000000000000000000
B0353+52	J0357+5236	0.1625893051	0.1555983113	0.197030098	6550000	310000000000	2500000000000000000000000000000000
B0355+54	J0358+5413	0.2604944425	0.2601117567	0.1563824178	564000	839000000000	45000000000000000000000000000000000
B0402+61	J0406+6138	0.3827826681	0.3772830398	0.594576165	1690000	1840000000000	1000000000000000000000000000000000
B0403-76	J0401-7608	0.3845920426	0.3635580337	0.5452527424	5620000	927000000000	370000000000000000000000000000000
B0410+69	J0415+6954	0.1412939917	0.140931518	0.3907150899	80800000	175000000000	51000000000000000000000000000000
B0447-12	J0450-1248	0.2729928828	0.2731614005	0.4380141494	67600000	215000000000	48000000000000000000000000000000
B0450+55	J0454+5543	0.2956595191	0.2950868818	0.3407294362	2280000	910000000000	2400000000000000000000000000000000
B0450-18	J0452-1759	0.1995978607	0.1992536664	0.5489392233	1510000	1800000000000	1400000000000000000000000000000000
B0458+46	J0502+4654	0.1605247091	0.1596554922	0.6385654815	1810000	1910000000000	850000000000000000000000000000000
B0523+11	J0525+1115	0.2116818758	0.207730377	0.3544375945	76300000	163000000000	65000000000000000000000000000000
B0525+21	J0528+2200	0.4737710345	0.4733571842	3.7455392503	1480000	12400000000000	30000000000000000000000000000000
B0531+21	J0534+2200	0.2745784776	0.265814885	0.033084716	1240	3780000000000	460000000000000000000000000000000000000
B0538-75	J0536-7543	0.4907613156	0.4905408021	1.2458555963	34900000	849000000000	12000000000000000000000000000000
B0538-75	J0536-7543	0.5160576938	0.5100227757	1.2458555963	34900000	849000000000	12000000000000000000000000000000
B0540+23	J0543+2329	0.6667515816	0.6652287043	0.2459747689	253000	1970000000000	41000000000000000000000000000000000
B0559-05	J0601-0527	0.2824019865	0.2813758767	0.3959691695	4820000	727000000000	830000000000000000000000000000000
B0609+37	J0612+3721	0.1790999469	0.1790227783	0.2979823266	79400000	135000000000	89000000000000000000000000000000
B0611+22	J0614+2229	0.8412746503	0.8392457266	0.3349599661	89300	4520000000000	62000000000000000000000000000000000
B0621-04	J0624-0424	0.2987444705	0.296798781	1.0390764759	19800000	940000000000	29000000000000000000000000000000
B0626+24	J0629+2415	0.305326067	0.3029275214	0.476622836	3780000	987000000000	730000000000000000000000000000000
B0628-28	J0630-2834	0.6225435289	0.6213167664	1.2444185962	2770000	3010000000000	150000000000000000000000000000000
B0643+80	J0653+8051	0.4451681243	0.4432232614	1.2144405115	5070000	2170000000000	84000000000000000000000000000000
B0655+64	J0700+6418	0.1090312943	0.1039653401	0.1956709452	4520000000	11700000000	3600000000000000000000000000000
B0656+14	J0659+1414	0.9237851963	0.9147638362	0.3848911951	111000	4660000000000	38000000000000000000000000000000000
B0727-18	J0729-1836	0.3174370886	0.3167614371	0.5101603448	426000	3150000000000	5600000000000000000000000000000000
B0740-28	J0742-2822	0.88684751	0.8858535405	0.1667622916	157000	1690000000000	140000000000000000000000000000000000
B0740-28	J0742-2822	0.9058576963	0.9048393922	0.1667622916	157000	1690000000000	140000000000000000000000000000000000
B0743-53	J0745-5353	0.3367856724	0.3331967328	0.2148363514	1250000	775000000000	11000000000000000000000000000000000
B0751+32	J0754+3231	0.3441819882	0.3349301656	1.4423494791	21200000	1260000000000	14000000000000000000000000000000
B0756-15	J0758-1528	0.2120369326	0.2067862157	0.6822651758	6680000	1060000000000	200000000000000000000000000000000
B0808-47	J0809-4753	0.198184123	0.1984172555	0.5471992355	2810000	1310000000000	740000000000000000000000000000000
B0809+74	J0814+7429	0.1281442615	0.1278201877	1.2922414469	122000000	472000000000	3100000000000000000000000000000
B0818-13	J0820-1350	0.1542093858	0.1542032648	1.2381295439	9320000	1630000000000	44000000000000000000000000000000
B0818-41	J0820-4114	0.3761697972	0.3713548961	0.5454455361	457000000	103000000000	4600000000000000000000000000000
B0820+02	J0823+0159	0.1194586015	0.119468102	0.8648728047	131000000	304000000000	6400000000000000000000000000000
B0823+26	J0826+2637	0.2798621002	0.2786157918	0.5306605117	4920000	964000000000	450000000000000000000000000000000
B0826-34	J0828-3417	0.4505960206	0.402293448	1.8489188037	29400000	1370000000000	6200000000000000000000000000000
B0834+06	J0837+0610	0.1183868845	0.118130301	1.2737682916	2970000	2980000000000	130000000000000000000000000000000
B0839-53	J0840-5332	0.2449923126	0.2379299221	0.7206123611	6940000	1100000000000	170000000000000000000000000000000
B0841+80	J0849+8028	0.1838658865	0.170656291	1.6022279739	56900000	856000000000	4300000000000000000000000000000
B0844-35	J0846-3533	0.392629102	0.3821072524	1.1160971634	11000000	1350000000000	45000000000000000000000000000000
B0853-33	J0855-3331	0.0839212788	0.0790154321	1.2675357028	3180000	2860000000000	120000000000000000000000000000000
B0855-61	J0856-6137	0.0914889884	0.0917885464	0.9625085573	9090000	1290000000000	74000000000000000000000000000000
B0903-42	J0904-4246	0.2771114268	0.2625558144	0.9651709987	8100000	1370000000000	83000000000000000000000000000000
B0904-74	J0904-7459	0.3177484765	0.309055352	0.5495531191	18800000	510000000000	110000000000000000000000000000000
B0905-51	J0907-5157	0.3791782943	0.3740021123	0.253556015	2190000	689000000000	4400000000000000000000000000000000
B0906-17	J0908-1739	0.192765587	0.1900764958	0.4016256234	9500000	525000000000	410000000000000000000000000000000
B0906-49	J0908-4913	1.0294132585	1.1700444087	0.1067545925	112000	1290000000000	490000000000000000000000000000000000
B0909-71	J0909-7212	0.3060332776	0.3062503388	1.3628899542	64800000	682000000000	5200000000000000000000000000000
B0917+63	J0921+6254	0.2898097124	0.2937543438	1.5679940185	6890000	2410000000000	37000000000000000000000000000000
B0919+06	J0922+0638	0.4232735698	0.4231696718	0.4306270999	501000	2450000000000	6700000000000000000000000000000000
B0922-52	J0924-5302	0.111465619	0.1070200719	0.7462952095	333000	5210000000000	3400000000000000000000000000000000
B0940+16	J0943+1631	0.3766727758	0.37696801	1.0874177281	189000000	318000000000	2800000000000000000000000000000
B0941-56	J0942-5657	0.3870330815	0.3847557804	0.8081274171	323000	5730000000000	3000000000000000000000000000000000
B0942-13	J0944-1354	0.1742596544	0.172803543	0.5702641246	200000000	163000000000	9600000000000000000000000000000
B0943+10	J0946+0951	0.2968624113	0.2693073427	1.0977057049	4980000	1980000000000	100000000000000000000000000000000
B0950+08	J0953+0755	0.1824205224	0.1815430877	0.2530651649	17500000	244000000000	560000000000000000000000000000000
B0953-52	J0955-5304	0.2856002382	0.2857640795	0.8621177393	3880000	1760000000000	220000000000000000000000000000000
B0959-54	J1001-5507	0.127667952	0.1265124673	1.4365826292	443000	8700000000000	680000000000000000000000000000000
B1010-23	J1012-2337	0.1879656414	0.1779296963	2.5179450205	45300000	1510000000000	2200000000000000000000000000000
B1016-16	J1018-1642	0.2386101473	0.2344094206	1.8046949458	16400000	1790000000000	12000000000000000000000000000000
B1039-19	J1041-1942	0.4210119638	0.4216868131	1.3863680746	23200000	1160000000000	14000000000000000000000000000000
B1039-55	J1042-5521	0.2518223457	0.2467568443	1.170859077	2760000	2840000000000	170000000000000000000000000000000
B1112+50	J1115+5030	0.1920594827	0.1898335517	1.6564397599	10500000	2060000000000	22000000000000000000000000000000
B1114-41	J1116-4122	0.0340170275	0.0340259594	0.9431578828	1880000	2770000000000	370000000000000000000000000000000
B1114-41	J1116-4122	0.087826852	0.0820865214	0.9431578828	1880000	2770000000000	370000000000000000000000000000000
B1133+16	J1136+1551	0.2947756575	0.2941386432	1.1879130659	5040000	2130000000000	88000000000000000000000000000000
B1133-55	J1136-5525	0.1053156762	0.1023046437	0.3647055762	703000	1750000000000	6700000000000000000000000000000000
B1237+25	J1239+2453	0.4599619445	0.459746855	1.382449103	22800000	1170000000000	14000000000000000000000000000000
B1254-10	J1257-1027	0.2294474082	0.2248251598	0.61730767	27000000	479000000000	61000000000000000000000000000000
B1309-12	J1311-1228	0.2484895743	0.2406605126	0.4475177112	47000000	263000000000	66000000000000000000000000000000
B1309-55	J1312-5516	0.3228844525	0.3150982729	0.8492356848	2360000	2230000000000	370000000000000000000000000000000
B1322+83	J1321+8323	0.9427564213	0.9239249133	0.6700374184	18700000	623000000000	74000000000000000000000000000000
B1356-60	J1359-6038	0.8413443801	0.8341660622	0.1275007769	319000	910000000000	120000000000000000000000000000000000
B1358-63	J1401-6357	0.2393085653	0.239576703	0.8427896324	798000	3800000000000	1100000000000000000000000000000000
B1424-55	J1428-5530	0.1910208927	0.1879410108	0.5702904629	4340000	1100000000000	440000000000000000000000000000000
B1436-63	J1440-6344	0.2899582644	0.2871813037	0.4596053639	6500000	726000000000	460000000000000000000000000000000
B1508+55	J1509+5531	0.2912865304	0.291736119	0.7396819229	2340000	1950000000000	490000000000000000000000000000000
B1523-55	J1527-5552	0.2563706948	0.2561555838	1.0487048866	1470000	3480000000000	390000000000000000000000000000000
B1524-39	J1527-3931	0.243020851	0.2430405676	2.4175822701	2010000	6870000000000	53000000000000000000000000000000
B1530+27	J1532+2745	0.2099332568	0.2033457897	1.1248357428	22900000	948000000000	22000000000000000000000000000000
B1540-06	J1543-0620	0.1574199588	0.1565462641	0.7090640698	12800000	799000000000	97000000000000000000000000000000
B1541+09	J1543+0929	0.3167742865	0.3077590362	0.7484484162	27400000	576000000000	41000000000000000000000000000000
B1541-52	J1544-5308	0.2298341948	0.2284297502	0.1785537997	46600000	105000000000	420000000000000000000000000000000
B1552-23	J1555-2341	0.1535821388	0.1455143953	0.5325777412	12200000	615000000000	180000000000000000000000000000000
B1552-31	J1555-3134	0.180538518	0.1804536624	0.5181097798	132000000	182000000000	18000000000000000000000000000000
B1555-55	J1559-5545	0.1325633759	0.1234744862	0.9572424424	741000	4480000000000	920000000000000000000000000000000
B1556-44	J1559-4438	0.5629181762	0.5622132776	0.2570560977	4000000	518000000000	2400000000000000000000000000000000
B1600-27	J1603-2712	0.3352149085	0.3325632741	0.7783131928	4100000	1550000000000	250000000000000000000000000000000
B1600-49	J1604-4909	0.0953577077	0.0936318	0.3274175728	5090000	585000000000	1100000000000000000000000000000000
B1601-52	J1605-5257	0.3920618161	0.3911435235	0.6580131007	40700000	415000000000	35000000000000000000000000000000
B1607-13	J1610-1322	0.1020897431	0.1004165545	1.0183927464	70200000	490000000000	8600000000000000000000000000000
B1612+07	J1614+0737	0.223694849	0.2247880295	1.2068014364	8100000	1710000000000	53000000000000000000000000000000
B1612-29	J1615-2940	0.2341517142	0.2095807801	2.4775678738	24800000	2000000000000	4100000000000000000000000000000
B1620-09	J1623-0908	0.1506936102	0.1479883692	1.2764458195	7840000	1840000000000	49000000000000000000000000000000
B1620-26	J1623-2631	0.403448159	0.3789687057	0.0110757509	262000000	2760000000	19000000000000000000000000000000000
B1620-26	J1623-2631	0.4036593878	0.37916598	0.0110757509	262000000	2760000000	19000000000000000000000000000000000
B1633+24	J1635+2418	0.2162578371	0.2052573253	0.4905065128	65100000	245000000000	40000000000000000000000000000000
B1641-68	J1646-6831	0.3946046925	0.3894659526	1.7856112396	16600000	1760000000000	12000000000000000000000000000000
B1642-03	J1645-0317	0.1195552674	0.1194494296	0.387689698	3450000	841000000000	1200000000000000000000000000000000
B1647-52	J1651-5222	0.1788761992	0.1744760623	0.6350559765	5550000	1090000000000	280000000000000000000000000000000
B1648-17	J1651-1709	0.1459849405	0.1412399779	0.9733936919	5080000	1740000000000	130000000000000000000000000000000
B1649-23	J1652-2404	0.1526728171	0.1527360301	1.7037391379	8550000	2350000000000	25000000000000000000000000000000
B1657-13	J1659-1305	0.2140108146	0.2102524507	0.6409582002	16400000	637000000000	93000000000000000000000000000000
B1659-60	J1704-6016	0.2330051272	0.2213333612	0.3063230254	5330000	534000000000	1200000000000000000000000000000000
B1700-18	J1703-1846	0.400981464	0.4008818266	0.8043410793	7360000	1190000000000	130000000000000000000000000000000
B1700-32	J1703-3241	0.5127834503	0.5132722222	1.2117850946	29100000	905000000000	15000000000000000000000000000000
B1702-19	J1705-1906	0.3893380673	0.4316127	0.2989874273	1140000	1130000000000	6100000000000000000000000000000000
B1706-16	J1709-1640	0.1545746271	0.1542735401	0.6530539713	1640000	2050000000000	890000000000000000000000000000000
B1709-15	J1711-1509	0.0491278798	0.0499543508	0.868804249	12500000	990000000000	66000000000000000000000000000000
B1714-34	J1717-3425	0.1320727906	0.1315172432	0.6562992315	1060000	2570000000000	1400000000000000000000000000000000
B1717-16	J1720-1633	0.2812473773	0.2767782625	1.565601148	4280000	3050000000000	60000000000000000000000000000000
B1717-29	J1720-2933	0.1950109581	0.1943404469	0.6204483653	13200000	688000000000	120000000000000000000000000000000
B1718-02	J1720-0212	0.4614755296	0.4563997186	0.4777153437	91400000	201000000000	30000000000000000000000000000000
B1718-19	J1721-1936	0.3953007929	0.4013691445	1.0040374567	9800000	1290000000000	63000000000000000000000000000000
B1718-32	J1722-3207	0.2101800674	0.207975559	0.4771575184	11700000	562000000000	230000000000000000000000000000000
B1719-37	J1722-3712	0.5198311571	0.5099842951	0.2361731916	345000	1620000000000	33000000000000000000000000000000000
B1730-22	J1733-2228	0.1863786526	0.183191756	0.871682833	323000000	195000000000	2500000000000000000000000000000
B1732-02	J1734-0212	0.4623396181	0.458931407	0.839394325	31600000	602000000000	28000000000000000000000000000000
B1732-07	J1735-0724	0.2351784479	0.2358277861	0.4193349662	5470000	722000000000	650000000000000000000000000000000
B1734-35	J1737-3555	0.454332227	0.4375847182	0.3975847464	1030000	1580000000000	3800000000000000000000000000000000
B1735-32	J1738-3211	0.1723514871	0.1685729945	0.7684989455	15300000	791000000000	69000000000000000000000000000000
B1736-29	J1739-2903	0.0477997658	0.0854405185	0.3228824318	649000	1610000000000	9200000000000000000000000000000000
B1736-29	J1739-2903	0.0562215779	0.0863468953	0.3228824318	649000	1610000000000	9200000000000000000000000000000000
B1737+13	J1740+1311	0.415319929	0.4153713436	0.8030502648	8770000	1090000000000	110000000000000000000000000000000
B1737-30	J1740-3015	0.2459598736	0.24581341	0.6068866243	20600	17000000000000	82000000000000000000000000000000000
B1737-30	J1740-3015	0.4879490002	0.4825086243	0.6068866243	20600	17000000000000	82000000000000000000000000000000000
B1737-39	J1741-3927	0.1636626986	0.1606820437	0.5122114011	4200000	1010000000000	570000000000000000000000000000000
B1738-08	J1741-0840	0.4436888568	0.4427763578	2.0430824584	14200000	2180000000000	11000000000000000000000000000000
B1740-03	J1743-0339	0.3199844873	0.2833507033	0.4446451068	4530000	842000000000	700000000000000000000000000000000
B1740-13	J1743-1351	0.3420406111	0.3423870171	0.4053369486	13400000	445000000000	280000000000000000000000000000000
B1740-31	J1743-3150	0.106688232	0.106972351	2.41457552	317000	17300000000000	340000000000000000000000000000000
B1742-30	J1745-3040	0.4797072454	0.477298403	0.3674287539	546000	2000000000000	8500000000000000000000000000000000
B1745-12	J1748-1300	0.2146425948	0.2099683228	0.3941333466	5150000	700000000000	780000000000000000000000000000000
B1746-30	J1749-3002	0.1684994992	0.1518726589	0.6098736487	1230000	2220000000000	1400000000000000000000000000000000
B1747-31	J1750-3157	0.2119214339	0.201660983	0.9103629842	73400000	428000000000	10000000000000000000000000000000
B1749-28	J1752-2806	0.1509375663	0.1509014019	0.5625576355	1100000	2160000000000	1800000000000000000000000000000000
B1753+52	J1754+5201	0.3364650996	0.326291212	2.3913967949	24200000	1960000000000	4500000000000000000000000000000
B1753-24	J1756-2435	0.1510135116	0.1502697895	0.6704799626	37300000	442000000000	37000000000000000000000000000000
B1754-24	J1757-2421	0.2764208775	0.2612026147	0.2341005715	287000	1760000000000	40000000000000000000000000000000000
B1756-22	J1759-2205	0.2121185642	0.2063704397	0.4609741279	672000	2270000000000	4400000000000000000000000000000000
B1758-03	J1801-0357	0.1842396093	0.1805899124	0.9214906738	4410000	1770000000000	170000000000000000000000000000000
B1758-03	J1801-0357	0.2396881386	0.2315623822	0.9214906738	4410000	1770000000000	170000000000000000000000000000000
B1800-21	J1803-2137	0.4237455394	0.4121890268	0.1336669203	15800	4290000000000	2200000000000000000000000000000000000
B1802+03	J1805+0306	0.2010460946	0.1845170834	0.2187115655	3470000	473000000000	3800000000000000000000000000000000
B1802-07	J1804-0735	0.2332597469	0.164328519	0.0231008553	784000000	3320000000	1500000000000000000000000000000000
B1804-08	J1807-0847	0.1702311143	0.1671582094	0.1637273717	90100000	69500000000	260000000000000000000000000000000
B1804-27	J1807-2715	0.1172224025	0.1095960405	0.8277764615	1080000	3210000000000	850000000000000000000000000000000
B1805-20	J1808-2057	0.052226005	0.0481308345	0.9184103263	852000	4010000000000	870000000000000000000000000000000
B1806-21	J1809-2109	0.0932004486	0.0945927933	0.7024136291	2910000	1660000000000	440000000000000000000000000000000
B1806-53	J1810-5338	0.5583931095	0.5462417011	0.261049318	10800000	320000000000	850000000000000000000000000000000
B1809-173	J1812-1718	0.2222605116	0.1184660526	1.2053744414	1000000	4850000000000	430000000000000000000000000000000
B1810+02	J1812+0226	0.1305049344	0.1258578617	0.793902802	3490000	1710000000000	280000000000000000000000000000000
B1811+40	J1813+4013	0.4373357193	0.4309859376	0.9310890849	5790000	1560000000000	120000000000000000000000000000000
B1813-17	J1816-1729	0.1723504301	0.120601607	0.7823133599	1710000	2410000000000	600000000000000000000000000000000
B1813-26	J1816-2650	0.5631892711	0.5606748369	0.5928851304	141000000	201000000000	13000000000000000000000000000000
B1813-36	J1817-3618	0.1911287882	0.1871413082	0.387016921	3000000	901000000000	1400000000000000000000000000000000
B1813-36	J1817-3618	0.1954746624	0.1962138655	0.387016921	3000000	901000000000	1400000000000000000000000000000000
B1818-04	J1820-0427	0.1868277141	0.1864492026	0.5980759297	1500000	1970000000000	1200000000000000000000000000000000
B1819-22	J1822-2256	0.307712172	0.3081227568	1.8742685183	21900000	1610000000000	8100000000000000000000000000000
B1819-22	J1822-2256	0.4023180347	0.4004055827	1.8742685183	21900000	1610000000000	8100000000000000000000000000000
B1820-11	J1823-1115	0.1502796289	0.1475720513	0.2798286966	3220000	629000000000	2500000000000000000000000000000000
B1820-14	J1822-1400	0.0526364253	0.0447042563	0.2147711098	3750000	447000000000	3600000000000000000000000000000000
B1820-30A	J1823-3021A	0.0348458305	0.0258458586	0.0054400042	25500000	4340000000	830000000000000000000000000000000000
B1820-30B	J1823-3021B	0.3546958086	0.325213622	0.3785964922	201000000	108000000000	22000000000000000000000000000000
B1820-31	J1823-3106	0.5161493491	0.5131947453	0.284054345	1540000	923000000000	5000000000000000000000000000000000
B1821+05	J1823+0550	0.2139903623	0.2127076005	0.752906543	52600000	418000000000	21000000000000000000000000000000
B1821-11	J1824-1118	0.3150013477	0.2377086796	0.4357590333	1940000	1260000000000	1700000000000000000000000000000000
B1821-19	J1824-1945	0.1020714807	0.1006547937	0.1893349899	573000	1010000000000	30000000000000000000000000000000000
B1822+00	J1825+0004	0.1865449024	0.1831440802	0.7789494001	14100000	836000000000	73000000000000000000000000000000
B1822-09	J1825-0935	0.2704776347	0.2810809378	0.7690058551	232000	6430000000000	4600000000000000000000000000000000
B1823-11	J1826-1131	0.0751506706	0.0697730337	2.0931363097	6750000	3240000000000	21000000000000000000000000000000
B1824-10	J1827-0958	0.4829672621	0.2511176738	0.2457571181	3880000	502000000000	2700000000000000000000000000000000
B1826-17	J1829-1751	0.0986577421	0.0982031431	0.3071329758	877000	1320000000000	7600000000000000000000000000000000
B1826-17	J1829-1751	0.1744938735	0.1726636842	0.3071329758	877000	1320000000000	7600000000000000000000000000000000
B1829-08	J1832-0827	0.1897427613	0.185136629	0.6472927184	161000	6510000000000	9300000000000000000000000000000000
B1831-03	J1833-0338	0.1656996507	0.1645154425	0.6867044441	262000	5410000000000	5100000000000000000000000000000000
B1831-04	J1834-0426	0.3575481593	0.3566254494	0.2901081932	63900000	146000000000	120000000000000000000000000000000
B1834-04	J1836-0436	0.162400226	0.1443748627	0.3542365077	3380000	776000000000	1500000000000000000000000000000000
B1834-06	J1837-0653	0.0795992785	0.0748903105	1.9058087061	39100000	1230000000000	4400000000000000000000000000000
B1834-10	J1836-1008	0.1186914838	0.118303995	0.5627107361	756000	2610000000000	2600000000000000000000000000000000
B1838-04	J1841-0425	0.3292356065	0.3008948499	0.186148858	461000	1100000000000	39000000000000000000000000000000000
B1839+09	J1841+0912	0.271648134	0.2696709283	0.3813192941	5540000	652000000000	780000000000000000000000000000000
B1839+56	J1840+5640	0.3793445721	0.3787823331	1.6528618529	17500000	1590000000000	13000000000000000000000000000000
B1839-04	J1842-0359	0.3731305899	0.3722608083	1.8399443152	57300000	979000000000	3200000000000000000000000000000
B1841-04	J1844-0433	0.1895811041	0.183035833	0.9910266164	4010000	1990000000000	160000000000000000000000000000000
B1842+14	J1844+1454	0.2793315636	0.2774111811	0.3754633785	3180000	848000000000	1400000000000000000000000000000000
B1844-04	J1847-0402	0.1268815787	0.1261410338	0.5977691513	183000	5630000000000	9600000000000000000000000000000000
B1845-01	J1848-0123	0.1162593673	0.1158858699	0.6594320505	1990000	1880000000000	720000000000000000000000000000000
B1845-19	J1848-1952	0.2546330999	0.2503924208	4.3081895986	2930000	10100000000000	11000000000000000000000000000000
B1846-06	J1849-0636	0.0776892049	0.0751369684	1.4513194711	497000	8290000000000	600000000000000000000000000000000
B1846-06	J1849-0636	0.096738602	0.0957968851	1.4513194711	497000	8290000000000	600000000000000000000000000000000
B1848+04	J1851+0418	0.1040467606	0.0884319748	0.2846974725	4140000	563000000000	1900000000000000000000000000000000
B1848+12	J1851+1259	0.3122107074	0.2946303187	1.2053032846	1660000	3770000000000	260000000000000000000000000000000
B1848+13	J1850+1335	0.6536859523	0.6454625287	0.3455818981	3670000	727000000000	1400000000000000000000000000000000
B1851-14	J1854-1421	0.2346384732	0.2217509598	1.1465948471	4370000	2210000000000	110000000000000000000000000000000
B1851-79	J1900-7951	0.3416153268	0.3410123529	1.2791931935	10900000	1560000000000	35000000000000000000000000000000
B1853+01	J1856+0113	0.3665381219	0.3375525548	0.2674396099	20300	7550000000000	430000000000000000000000000000000000
B1855+02	J1857+0212	0.2087780555	0.1944465616	0.4158230553	164000	4140000000000	22000000000000000000000000000000000
B1857-26	J1900-2600	0.3605003241	0.3599690085	0.6122092044	47400000	358000000000	35000000000000000000000000000000
B1857-26	J1900-2600	0.4153971329	0.4155650099	0.6122092044	47400000	358000000000	35000000000000000000000000000000
B1859+01	J1901+0156	0.3112096977	0.3046248336	0.2882191593	1940000	834000000000	3900000000000000000000000000000000
B1859+03	J1901+0331	0.2613849668	0.2610955631	0.6554502395	1390000	2240000000000	1000000000000000000000000000000000
B1859+07	J1901+0716	0.243323294	0.2424146161	0.6439986635	4460000	1230000000000	340000000000000000000000000000000
B1900+01	J1903+0135	0.1376147008	0.136749578	0.7293038623	2870000	1740000000000	410000000000000000000000000000000
B1900+05	J1902+0556	0.2284868986	0.2231788327	0.7465773564	919000	3140000000000	1200000000000000000000000000000000
B1900+06	J1902+0615	0.1045898402	0.0966804715	0.6735033169	1380000	2310000000000	1000000000000000000000000000000000
B1900-06	J1903-0632	0.2693158789	0.2647768451	0.4318870847	2010000	1230000000000	1700000000000000000000000000000000
B1903+07	J1905+0709	0.2695348023	0.2599958269	0.6480400543	2080000	1810000000000	720000000000000000000000000000000
B1905+39	J1907+4002	0.5011428888	0.4976113413	1.2357574528	36200000	827000000000	11000000000000000000000000000000
B1906+09	J1908+0916	0.1043792049	0.0980366231	0.8302698847	134000000	289000000000	6800000000000000000000000000000
B1907+00	J1909+0007	0.1118057746	0.1083547184	1.016948362	2920000	2400000000000	210000000000000000000000000000000
B1907+02	J1909+0254	0.159744869	0.1532354073	0.9898312072	2840000	2370000000000	220000000000000000000000000000000
B1907+03	J1910+0358	0.3311671968	0.3288787316	2.3302628205	8260000	3270000000000	14000000000000000000000000000000
B1907+10	J1909+1102	0.1447225727	0.1423798964	0.2836413311	1700000	876000000000	4600000000000000000000000000000000
B1907-03	J1910-0309	0.4486571248	0.4421380809	0.5046046078	3660000	1060000000000	670000000000000000000000000000000
B1910+20	J1912+2104	0.514266805	0.5032620763	2.2329690283	3480000	4820000000000	36000000000000000000000000000000
B1911-04	J1913-0440	0.0925473032	0.0918069628	0.8259358031	3220000	1850000000000	290000000000000000000000000000000
B1913+10	J1915+1009	0.4259595141	0.4248373902	0.4045474745	420000	2510000000000	9100000000000000000000000000000000
B1913+167	J1915+1647	0.3849516643	0.3958901863	1.6162314951	63200000	819000000000	3800000000000000000000000000000
B1914+09	J1916+0951	0.3069749208	0.3018978853	0.2702544396	1700000	835000000000	5000000000000000000000000000000000
B1914+13	J1916+1312	0.1052814679	0.1035159292	0.2818424074	1220000	1030000000000	6400000000000000000000000000000000
B1915+13	J1917+1353	0.4621891051	0.4605034997	0.1946309828	428000	1200000000000	39000000000000000000000000000000000
B1916+14	J1918+1444	0.445195553	0.4280139937	1.1810232973	88100	16000000000000	5100000000000000000000000000000000
B1917+00	J1919+0021	0.2020508416	0.1997734717	1.2722603747	2630000	3160000000000	150000000000000000000000000000000
B1918+19	J1921+1948	0.1923686601	0.1860172322	0.8210350806	14500000	868000000000	64000000000000000000000000000000
B1918+26	J1920+2650	0.2125676262	0.1980940353	0.7855218495	362000000	166000000000	2800000000000000000000000000000
B1919+14	J1921+1419	0.6596105901	0.6400703355	0.6181825908	1750000	1880000000000	940000000000000000000000000000000
B1919+21	J1921+2153	0.0976014416	0.0973006599	1.3373021602	15700000	1360000000000	22000000000000000000000000000000
B1920+20	J1922+2018	0.3037139573	0.3114304604	1.172763402	28600000	883000000000	16000000000000000000000000000000
B1920+21	J1922+2110	0.223334242	0.2227840517	1.077924343	2090000	3000000000000	260000000000000000000000000000000
B1922+20	J1924+2040	0.2280630943	0.2092924429	0.237790138	1800000	713000000000	6100000000000000000000000000000000
B1923+04	J1926+0431	0.2076146959	0.2052321384	1.0740781736	6920000	1640000000000	78000000000000000000000000000000
B1924+14	J1926+1434	0.0591229139	0.0595866323	1.3249219714	95600000	546000000000	3700000000000000000000000000000
B1924+14	J1926+1434	0.1388437606	0.1332302313	1.3249219714	95600000	546000000000	3700000000000000000000000000000
B1924+16	J1926+1648	0.662235632	0.6488442178	0.579822815	511000	3270000000000	3600000000000000000000000000000000
B1925+18	J1927+1852	0.3122829818	0.2239766644	0.4827662738	65900000	239000000000	41000000000000000000000000000000
B1929+10	J1932+1059	0.8449890172	0.8452476181	0.226517635	3100000	518000000000	3900000000000000000000000000000000
B1929+20	J1932+2020	0.0891231148	0.0881147437	0.268217403	1010000	1080000000000	8600000000000000000000000000000000
B1930+22	J1932+2220	0.8118261531	0.7726979972	0.1444697651	39800	2920000000000	750000000000000000000000000000000000
B1931+24	J1933+2421	0.2664466936	0.2410142999	0.8136903028	1590000	2600000000000	590000000000000000000000000000000
B1933+16	J1935+1616	0.1724362237	0.1717156978	0.3587384108	947000	1480000000000	5100000000000000000000000000000000
B1935+25	J1937+2544	0.3649785226	0.3630246016	0.2009802024	4950000	364000000000	3100000000000000000000000000000000
B1937+21	J1939+2134	0.4190179828	0.4537957518	0.0015578065	235000000	409000000	1100000000000000000000000000000000000
B1937+24	J1939+2449	0.3955548584	0.3527307683	0.6453024694	560000	3470000000000	2700000000000000000000000000000000
B1937-26	J1941-2602	0.4890594479	0.4690234733	0.4028579089	6680000	628000000000	580000000000000000000000000000000
B1937-26	J1941-2602	0.5030804759	0.4991547554	0.4028579089	6680000	628000000000	580000000000000000000000000000000
B1940-12	J1943-1237	0.0966084018	0.0963163799	0.9724288509	9310000	1280000000000	71000000000000000000000000000000
B1943-29	J1946-2913	0.1804960768	0.1743846226	0.9594479315	10200000	1210000000000	67000000000000000000000000000000
B1943-29	J1946-2913	0.1947797433	0.1975988939	0.9594479315	10200000	1210000000000	67000000000000000000000000000000
B1944+17	J1946+1805	0.2955831661	0.2945530362	0.4406184769	290000000	104000000000	11000000000000000000000000000000
B1946+35	J1948+3540	0.1896992474	0.189822728	0.7173111741	1610000	2280000000000	760000000000000000000000000000000
B1946-25	J1949-2524	0.1108496636	0.1002102983	0.9576166303	4640000	1790000000000	150000000000000000000000000000000
B1946-25	J1949-2524	0.1550703951	0.1489067393	0.9576166303	4640000	1790000000000	150000000000000000000000000000000
B1951+32	J1952+3252	0.4837286348	0.4724645839	0.0395311929	107000	486000000000	3700000000000000000000000000000000000
B1952+29	J1954+2923	0.3529733678	0.350136519	0.4266767865	3950000000	27300000000	870000000000000000000000000000
B1953+50	J1955+5059	0.2032603327	0.2013951966	0.5189379874	5990000	854000000000	390000000000000000000000000000000
B2000+32	J2002+3217	0.3025359037	0.2893274198	0.6967605102	105000	8660000000000	12000000000000000000000000000000000
B2000+40	J2002+4050	0.1949712455	0.1937353751	0.9050668203	8250000	1270000000000	93000000000000000000000000000000
B2002+31	J2004+3137	0.1174256057	0.1170393114	2.1112647338	449000	12700000000000	310000000000000000000000000000000
B2003-08	J2006-0807	0.4553890796	0.4513003983	0.580871337	200000000	165000000000	9300000000000000000000000000000
B2011+38	J2013+3845	0.630128296	0.6236007217	0.2301936139	412000	1440000000000	29000000000000000000000000000000000
B2016+28	J2018+2839	0.1862310922	0.1862691849	0.5579534804	59700000	291000000000	34000000000000000000000000000000
B2020+28	J2022+2854	0.3184345678	0.3185994584	0.3434021578	2870000	816000000000	1800000000000000000000000000000000
B2021+51	J2022+5154	0.5145834236	0.5143347765	0.5291969178	2740000	1290000000000	820000000000000000000000000000000
B2022+50	J2023+5037	0.1539195361	0.174465786	0.3726190545	2350000	979000000000	1900000000000000000000000000000000
B2027+37	J2029+3744	0.2226835969	0.2130743075	1.2168046577	1560000	3920000000000	270000000000000000000000000000000
B2028+22	J2030+2228	0.4669146644	0.3808635119	0.6305126467	11300000	756000000000	140000000000000000000000000000000
B2035+36	J2037+3621	0.2549261692	0.2546082965	0.6187150842	2180000	1690000000000	750000000000000000000000000000000
B2036+53	J2038+5319	0.2322527817	0.2353825459	1.4245682152	23900000	1170000000000	13000000000000000000000000000000
B2043-04	J2046-0421	0.1816832927	0.180152817	1.5469381169	16700000	1530000000000	16000000000000000000000000000000
B2044+15	J2046+1540	0.2814158531	0.2813539072	1.1382856833	98900000	461000000000	4900000000000000000000000000000
B2045+56	J2046+5708	0.6105922137	0.5596593184	0.4767348421	679000	2330000000000	4100000000000000000000000000000000
B2045-16	J2048-1616	0.483714946	0.4837630903	1.9615723036	2840000	4690000000000	57000000000000000000000000000000
B2048-72	J2053-7200	0.2938753918	0.2923788838	0.3413362314	27600000	262000000000	190000000000000000000000000000000
B2048-72	J2053-7200	0.2980708056	0.2949026961	0.3413362314	27600000	262000000000	190000000000000000000000000000000
B2053+21	J2055+2209	0.3756487209	0.3733595541	0.8151811028	9640000	1060000000000	98000000000000000000000000000000
B2053+36	J2055+3630	0.1478453149	0.1448614612	0.2215076383	9510000	289000000000	1300000000000000000000000000000000
B2106+44	J2108+4441	0.0856725278	0.0845093447	0.4148705369	76200000	191000000000	48000000000000000000000000000000
B2110+27	J2113+2754	0.1377818476	0.1367311586	1.2028517541	7270000	1800000000000	59000000000000000000000000000000
B2111+46	J2113+4644	0.2476948276	0.2476576615	1.0146847932	22500000	862000000000	27000000000000000000000000000000
B2113+14	J2116+1414	0.1394835697	0.1384245044	0.4401530669	24100000	361000000000	130000000000000000000000000000000
B2122+13	J2124+1407	0.5140311999	0.3201041675	0.6940534791	14300000	739000000000	91000000000000000000000000000000
B2148+52	J2150+5247	0.1442701077	0.141936615	0.3322056715	521000	1850000000000	11000000000000000000000000000000000
B2148+63	J2149+6329	0.2187250821	0.218943938	0.3801403447	35800000	256000000000	120000000000000000000000000000000
B2152-31	J2155-3118	0.2937682131	0.2801118156	1.030002112	13200000	1140000000000	45000000000000000000000000000000
B2154+40	J2157+4017	0.448961282	0.4489607197	1.525265634	7040000	2320000000000	38000000000000000000000000000000
B2210+29	J2212+2933	0.189581001	0.1859098862	1.0045925289	32100000	714000000000	19000000000000000000000000000000
B2217+47	J2219+4754	0.1618106852	0.1613541798	0.5384688219	3090000	1230000000000	700000000000000000000000000000000
B2224+65	J2225+6535	0.3934412496	0.3900436496	0.6825424974	1120000	2600000000000	1200000000000000000000000000000000
B2227+61	J2229+6205	0.158493852	0.1541157131	0.4430545606	3110000	1010000000000	1000000000000000000000000000000000
B2241+69	J2242+6950	0.3439276834	0.3104766514	1.6645007862	5470000	2870000000000	41000000000000000000000000000000
B2255+58	J2257+5909	0.0783028209	0.0782223072	0.3682464543	1010000	1470000000000	4500000000000000000000000000000000
B2303+30	J2305+3100	0.0802432786	0.0793808736	1.5758863384	8630000	2160000000000	29000000000000000000000000000000
B2303+46	J2305+4707	0.2228203578	0.2224778955	1.0663710716	29700000	788000000000	19000000000000000000000000000000
B2306+55	J2308+5547	0.2935426325	0.2925594432	0.4750676748	37700000	312000000000	73000000000000000000000000000000
B2310+42	J2313+4253	0.2599432768	0.2593858653	0.3494336821	49300000	201000000000	100000000000000000000000000000000
B2315+21	J2317+2149	0.1960347314	0.194901022	1.4446531023	21900000	1240000000000	14000000000000000000000000000000
B2319+60	J2321+6024	0.31131933	0.3107196847	2.2564884268	5080000	4030000000000	24000000000000000000000000000000
B2321-61	J2324-6054	0.2577315257	0.2571427382	2.3474860533	14400000	2490000000000	7900000000000000000000000000000
B2323+63	J2325+6316	0.4476394306	0.4430816296	1.4363095361	8050000	2040000000000	38000000000000000000000000000000
B2324+60	J2326+6113	0.296944728	0.2943492593	0.2336519695	10500000	290000000000	1100000000000000000000000000000000
B2327-20	J2330-2005	0.2180634447	0.2180374307	1.6436221853	5620000	2790000000000	41000000000000000000000000000000
B2334+61	J2337+6151	0.3813341166	0.3753370088	0.495369868	40600	9910000000000	63000000000000000000000000000000000
B2351+61	J2354+6155	0.24775567	0.2451157254	0.9447838867	920000	3970000000000	760000000000000000000000000000000
J0108-1431	J0108-1431	0.8207782305	0.6928867432	0.807564614	166000000	252000000000	5800000000000000000000000000000
J0133-6957	J0133-6957	0.1927856397	0.1884438924	0.4634737417	61200000	239000000000	48000000000000000000000000000000
J0134-2937	J0134-2937	0.7127842209	0.6940873648	0.1369615841	27700000	105000000000	1200000000000000000000000000000000
J0211-8159	J0211-8159	0.0613948448	0.0559788372	1.0773327013	58900000	566000000000	9200000000000000000000000000000
J0218+4232	J0218+4232	0.2992942576	0.2910121373	0.0023230905	476000000	429000000	240000000000000000000000000000000000
J0459-0210	J0459-0210	0.2251159155	0.2128607433	1.1330761237	12800000	1270000000000	38000000000000000000000000000000
J0520-2553	J0520-2553	0.1457914879	0.145154765	0.2416421757	127000000	86300000000	84000000000000000000000000000000
J0613-0200	J0613-0200	0.3187971864	0.3006088712	0.0030618441	5060000000	173000000	13000000000000000000000000000000000
J0621+1002	J0621+1002	0.108023605	0.0964974585	0.0288538607	9660000000	1180000000	78000000000000000000000000000000
J0749-4247	J0749-4247	0.1206830026	0.1115517067	1.0954521576	17800000	1050000000000	29000000000000000000000000000000
J0857-4424	J0857-4424	0.0988943151	0.0946603404	0.3267742101	222000	2790000000000	26000000000000000000000000000000000
J1012+5307	J1012+5307	0.6547176221	0.6414734213	0.005255749	4860000000	304000000	4700000000000000000000000000000000
J1022+1001	J1022+1001	0.754262771	0.7540905406	0.01645293	6010000000	855000000	380000000000000000000000000000000
J1034-3224	J1034-3224	0.1991267962	0.1902309324	1.1505904284	79100000	521000000000	6000000000000000000000000000000
J1036-4926	J1036-4926	0.3228981522	0.3201525378	0.5103681331	4910000	928000000000	490000000000000000000000000000000
J1518+4904	J1518+4904	0.2471972666	0.2300707653	0.0409349889	23900000000	1070000000	16000000000000000000000000000000
J1542-5034	J1542-5034	0.2304310059	0.2289884398	0.5992450364	2390000	1560000000000	730000000000000000000000000000000
J1549-4848	J1549-4848	0.1999643414	0.224047879	0.2883467631	324000	2040000000000	23000000000000000000000000000000000
J1557-4258	J1557-4258	0.3630473278	0.3614950685	0.3291868578	15800000	334000000000	370000000000000000000000000000000
J1603-5657	J1603-5657	0.5081501502	0.5042529415	0.4960771131	2810000	1190000000000	900000000000000000000000000000000
J1604-7203	J1604-7203	0.223432395	0.2192559988	0.3414029322	64400000	171000000000	83000000000000000000000000000000
J1622-4332	J1622-4332	0.2450875296	0.2351109726	0.9169375226	9280000	1210000000000	80000000000000000000000000000000
J1643-1224	J1643-1224	0.191648679	0.1886593211	0.0046216415	3970000000	296000000	7400000000000000000000000000000000
J1713+0747	J1713+0747	0.318886505	0.315176861	0.0045701365	8490000000	200000000	3500000000000000000000000000000000
J1730-2304	J1730-2304	0.1531627993	0.1514991701	0.008122798	6380000000	410000000	1500000000000000000000000000000000
J1744-1134	J1744-1134	0.9236350097	0.8541476403	0.0040745459	7230000000	193000000	5200000000000000000000000000000000
J1750-3503	J1750-3503	0.4214049566	0.4226897147	0.6840136029	284000000	163000000000	4700000000000000000000000000000
J1808-0813	J1808-0813	0.3118765173	0.3112845824	0.8760442867	11200000	1050000000000	73000000000000000000000000000000
J1901-0906	J1901-0906	0.341270948	0.3407543705	1.7819277623	17200000	1730000000000	11000000000000000000000000000000
J1911-1114	J1911-1114	0.09716185	0.0933815433	0.0036257456	4060000000	229000000	12000000000000000000000000000000000
J1932-3655	J1932-3655	0.4290377082	0.4176038951	0.5714203197	31900000	408000000000	60000000000000000000000000000000
J2051-0827	J2051-0827	0.085536611	0.0802301764	0.0045086417	5610000000	242000000	5500000000000000000000000000000000
J2144-3933	J2144-3933	0.2324764418	0.2295091832	8.509827491	272000000	2080000000000	32000000000000000000000000000
J2145-0750	J2145-0750	0.1578105376	0.1562907158	0.0160524239	8540000000	700000000	280000000000000000000000000000000

