Bname	jname	dpitrue	dpiarea	period	Bsurf	Edot	Age
B0011+47	J0014+4746	0.2614314685	0.0612972056	1.2406990389	34800000	847000000000	12000000000000000000000000000000
B0031-07	J0034-0721	0.1255602782	0.0254722874	0.9429509946	36600000	628000000000	19000000000000000000000000000000
B0037+56	J0040+5716	0.1796789146	0.0273436341	1.1182253452	6150000	1820000000000	81000000000000000000000000000000
B0052+51	J0055+5117	0.3514266933	0.0359535252	2.1151711489	3510000	4550000000000	40000000000000000000000000000000
B0059+65	J0102+6537	0.3728442138	0.0353645338	1.6791642291	4470000	3200000000000	50000000000000000000000000000000
B0105+65	J0108+6608	0.2953388896	0.0430648199	1.2836598429	1560000	4140000000000	240000000000000000000000000000000
B0105+68	J0108+6905	0.3024639626	0.1171519571	1.0711181099	353000000	230000000000	1500000000000000000000000000000
B0114+58	J0117+5914	0.2377298767	0.1232409409	0.1014390665	275000	780000000000	220000000000000000000000000000000000
B0136+57	J0139+5814	0.881304018	0.0941365583	0.272450631	403000	1730000000000	21000000000000000000000000000000000
B0138+59	J0141+6009	0.2479627532	0.0380423762	1.2229485205	49500000	700000000000	8400000000000000000000000000000
B0144+59	J0147+5922	0.2570350641	0.0261032779	0.1963213754	12100000	227000000000	1300000000000000000000000000000000
B0148-06	J0151-0635	0.352200455	0.065090465	1.4646645493	52400000	815000000000	5600000000000000000000000000000
B0149-16	J0152-1637	0.188658594	0.0267311709	0.8327416127	10200000	1050000000000	89000000000000000000000000000000
B0149-16	J0152-1637	0.1230454564	0.0196424426	0.8327416127	10200000	1050000000000	89000000000000000000000000000000
B0154+61	J0157+6212	0.239393779	0.0229345412	2.3517449365	197000	21300000000000	570000000000000000000000000000000
B0203-40	J0206-4028	0.0827224044	0.0329594796	0.6305501408	8330000	880000000000	190000000000000000000000000000000
B0226+70	J0231+7026	0.2619467359	0.0850143688	1.4668203062	7470000	2160000000000	39000000000000000000000000000000
B0301+19	J0304+1932	0.2963526388	0.0280967055	1.3875844463	17000000	1360000000000	19000000000000000000000000000000
B0320+39	J0323+3944	0.3292720991	0.0396100741	3.0320719564	75600000	1400000000000	900000000000000000000000000000
B0329+54	J0332+5434	0.1898193925	0.0126720138	0.7145196997	5530000	1220000000000	220000000000000000000000000000000
B0329+54	J0332+5434	0.2421065627	0.0371141896	0.7145196997	5530000	1220000000000	220000000000000000000000000000000
B0331+45	J0335+4555	0.1480573652	0.0240197563	0.2692005409	580000000	45000000000	15000000000000000000000000000000
B0339+53	J0343+5312	0.3322348998	0.1076915356	1.9344780673	2280000	5160000000000	73000000000000000000000000000000
B0353+52	J0357+5236	0.1537324674	0.0262729773	0.197030098	6550000	310000000000	2500000000000000000000000000000000
B0355+54	J0358+5413	0.498272383	0.1186825056	0.1563824178	564000	839000000000	45000000000000000000000000000000000
B0402+61	J0406+6138	0.2883703478	0.0288767909	0.594576165	1690000	1840000000000	1000000000000000000000000000000000
B0403-76	J0401-7608	0.2292212802	0.0294773323	0.5452527424	5620000	927000000000	370000000000000000000000000000000
B0410+69	J0415+6954	0.3091769758	0.0516155234	0.3907150899	80800000	175000000000	51000000000000000000000000000000
B0447-12	J0450-1248	0.2224977364	0.0827857275	0.4380141494	67600000	215000000000	48000000000000000000000000000000
B0450+55	J0454+5543	0.2963060407	0.0474550268	0.3407294362	2280000	910000000000	2400000000000000000000000000000000
B0450+55	J0454+5543	0.3691817686	0.0597597856	0.3407294362	2280000	910000000000	2400000000000000000000000000000000
B0450-18	J0452-1759	0.1847155279	0.0273677688	0.5489392233	1510000	1800000000000	1400000000000000000000000000000000
B0458+46	J0502+4654	0.1062650999	0.0186485871	0.6385654815	1810000	1910000000000	850000000000000000000000000000000
B0523+11	J0525+1115	0.0875677085	0.0214240166	0.3544375945	76300000	163000000000	65000000000000000000000000000000
B0525+21	J0528+2200	0.398080266	0.0340097943	3.7455392503	1480000	12400000000000	30000000000000000000000000000000
B0525+21	J0528+2200	0.3905372525	0.02496139	3.7455392503	1480000	12400000000000	30000000000000000000000000000000
B0531+21	J0534+2200	0.3935566274	0.043564466	0.033084716	1240	3780000000000	460000000000000000000000000000000000000
B0531+21	J0534+2200	0.2581847155	0.031528493	0.033084716	1240	3780000000000	460000000000000000000000000000000000000
B0538-75	J0536-7543	0.4516605397	0.0687775402	1.2458555963	34900000	849000000000	12000000000000000000000000000000
B0540+23	J0543+2329	0.4606975722	0.0474777428	0.2459747689	253000	1970000000000	41000000000000000000000000000000000
B0540+23	J0543+2329	0.4944321907	0.0465696728	0.2459747689	253000	1970000000000	41000000000000000000000000000000000
B0559-05	J0601-0527	0.3467851369	0.0550300763	0.3959691695	4820000	727000000000	830000000000000000000000000000000
B0559-05	J0601-0527	0.2526719253	0.0529810898	0.3959691695	4820000	727000000000	830000000000000000000000000000000
B0609+37	J0612+3721	0.1578907423	0.0206716149	0.2979823266	79400000	135000000000	89000000000000000000000000000000
B0611+22	J0614+2229	0.7322836409	0.0820576505	0.3349599661	89300	4520000000000	62000000000000000000000000000000000
B0621-04	J0624-0424	0.2775728064	0.0259722036	1.0390764759	19800000	940000000000	29000000000000000000000000000000
B0626+24	J0629+2415	0.1853116722	0.0164255485	0.476622836	3780000	987000000000	730000000000000000000000000000000
B0628-28	J0630-2834	0.4685335997	0.0721123004	1.2444185962	2770000	3010000000000	150000000000000000000000000000000
B0643+80	J0653+8051	0.4007279903	0.0473115518	1.2144405115	5070000	2170000000000	84000000000000000000000000000000
B0655+64	J0700+6418	0.2154448977	0.1239093022	0.1956709452	4520000000	11700000000	3600000000000000000000000000000
B0656+14	J0659+1414	0.8450231914	0.154295863	0.3848911951	111000	4660000000000	38000000000000000000000000000000000
B0727-18	J0729-1836	0.2365955257	0.0335945837	0.5101603448	426000	3150000000000	5600000000000000000000000000000000
B0727-18	J0729-1836	0.2146089826	0.0413475705	0.5101603448	426000	3150000000000	5600000000000000000000000000000000
B0740-28	J0742-2822	0.8999791231	0.1224369063	0.1667622916	157000	1690000000000	140000000000000000000000000000000000
B0740-28	J0742-2822	0.7760816564	0.195303374	0.1667622916	157000	1690000000000	140000000000000000000000000000000000
B0751+32	J0754+3231	0.2344668988	0.0387287551	1.4423494791	21200000	1260000000000	14000000000000000000000000000000
B0756-15	J0758-1528	0.1307431435	0.016533216	0.6822651758	6680000	1060000000000	200000000000000000000000000000000
B0808-47	J0809-4753	0.196438241	0.069101865	0.5471992355	2810000	1310000000000	740000000000000000000000000000000
B0809+74	J0814+7429	0.3249467355	0.065314215	1.2922414469	122000000	472000000000	3100000000000000000000000000000
B0809+74	J0814+7429	0.5486086357	0.1117204493	1.2922414469	122000000	472000000000	3100000000000000000000000000000
B0818-13	J0820-1350	0.1418238998	0.0131293412	1.2381295439	9320000	1630000000000	44000000000000000000000000000000
B0818-13	J0820-1350	0.1382059174	0.0188426748	1.2381295439	9320000	1630000000000	44000000000000000000000000000000
B0818-41	J0820-4114	0.3146116184	0.1169653504	0.5454455361	457000000	103000000000	4600000000000000000000000000000
B0820+02	J0823+0159	0.1116496686	0.0171847673	0.8648728047	131000000	304000000000	6400000000000000000000000000000
B0823+26	J0826+2637	0.2358894611	0.0156339159	0.5306605117	4920000	964000000000	450000000000000000000000000000000
B0823+26	J0826+2637	0.2024138259	0.0141757581	0.5306605117	4920000	964000000000	450000000000000000000000000000000
B0826-34	J0828-3417	0.24296058	0.1338975817	1.8489188037	29400000	1370000000000	6200000000000000000000000000000
B0834+06	J0837+0610	0.0829719159	0.0099348122	1.2737682916	2970000	2980000000000	130000000000000000000000000000000
B0839-53	J0840-5332	0.1166570602	0.0533204253	0.7206123611	6940000	1100000000000	170000000000000000000000000000000
B0844-35	J0846-3533	0.3530452651	0.0398195858	1.1160971634	11000000	1350000000000	45000000000000000000000000000000
B0853-33	J0855-3331	0.112473072	0.0577425227	1.2675357028	3180000	2860000000000	120000000000000000000000000000000
B0906-17	J0908-1739	0.1317165651	0.0184086605	0.4016256234	9500000	525000000000	410000000000000000000000000000000
B0917+63	J0921+6254	0.3062870205	0.0675786361	1.5679940185	6890000	2410000000000	37000000000000000000000000000000
B0919+06	J0922+0638	0.5768005801	0.0521359425	0.4306270999	501000	2450000000000	6700000000000000000000000000000000
B0919+06	J0922+0638	0.4274098731	0.0316082079	0.4306270999	501000	2450000000000	6700000000000000000000000000000000
B0940+16	J0943+1631	0.2328974572	0.0534867528	1.0874177281	189000000	318000000000	2800000000000000000000000000000
B0941-56	J0942-5657	0.5025343315	0.0395987033	0.8081274171	323000	5730000000000	3000000000000000000000000000000000
B0942-13	J0944-1354	0.1627943107	0.0128651234	0.5702641246	200000000	163000000000	9600000000000000000000000000000
B0950+08	J0953+0755	0.1061973897	0.0076559483	0.2530651649	17500000	244000000000	560000000000000000000000000000000
B0950+08	J0953+0755	0.2217265682	0.0239805702	0.2530651649	17500000	244000000000	560000000000000000000000000000000
B0953-52	J0955-5304	0.1333036623	0.0337344782	0.8621177393	3880000	1760000000000	220000000000000000000000000000000
B1011-58	J1012-5857	0.0581242064	0.0653908646	0.8199114962	734000	3850000000000	1300000000000000000000000000000000
B1016-16	J1018-1642	0.1389125388	0.0721383063	1.8046949458	16400000	1790000000000	12000000000000000000000000000000
B1036-58	J1038-5831	0.2564990409	0.0411732574	0.661992094	8380000	921000000000	170000000000000000000000000000000
B1039-19	J1041-1942	0.3133409886	0.0265505753	1.3863680746	23200000	1160000000000	14000000000000000000000000000000
B1046-58	J1048-5832	0.5744431144	0.1091750002	0.1236706579	20300	3490000000000	2000000000000000000000000000000000000
B1107-56	J1110-5637	0.1358077878	0.0687118929	0.5582527264	4290000	1090000000000	470000000000000000000000000000000
B1112+50	J1115+5030	0.1965437554	0.016406057	1.6564397599	10500000	2060000000000	22000000000000000000000000000000
B1112-60	J1114-6100	0.0415994253	0.0445961227	0.8808196255	303000	6450000000000	2700000000000000000000000000000000
B1131-62	J1133-6250	0.0929172849	0.0420131518	1.0228751408	35900000	688000000000	17000000000000000000000000000000
B1133+16	J1136+1551	0.1279178361	0.0085495635	1.1879130659	5040000	2130000000000	88000000000000000000000000000000
B1133+16	J1136+1551	0.1851391156	0.0140971889	1.1879130659	5040000	2130000000000	88000000000000000000000000000000
B1222-63	J1225-6408	0.3949826898	0.0734163548	0.4196177915	7030000	638000000000	510000000000000000000000000000000
B1237+25	J1239+2453	0.3741723106	0.0439705908	1.382449103	22800000	1170000000000	14000000000000000000000000000000
B1237+25	J1239+2453	0.6046736806	0.1115643833	1.382449103	22800000	1170000000000	14000000000000000000000000000000
B1254-10	J1257-1027	0.3786007608	0.0400201673	0.61730767	27000000	479000000000	61000000000000000000000000000000
B1303-66	J1306-6617	0.1367033186	0.0571683591	0.4730264707	1250000	1700000000000	2200000000000000000000000000000000
B1309-12	J1311-1228	0.1190692786	0.0433104615	0.4475177112	47000000	263000000000	66000000000000000000000000000000
B1316-60	J1319-6056	0.3023029345	0.0750940049	0.284351393	2950000	667000000000	2600000000000000000000000000000000
B1322+83	J1321+8323	0.500973211	0.187114706	0.6700374184	18700000	623000000000	74000000000000000000000000000000
B1334-61	J1338-6204	0.2317718608	0.0601346399	1.2389895765	1420000	4190000000000	290000000000000000000000000000000
B1338-62	J1341-6220	0.7934047508	0.1720754576	0.1933397463	12100	7080000000000	1400000000000000000000000000000000000
B1409-62	J1413-6307	0.1380702895	0.0489243123	0.3949457908	842000	1730000000000	4800000000000000000000000000000000
B1508+55	J1509+5531	0.2968225297	0.0409349578	0.7396819229	2340000	1950000000000	490000000000000000000000000000000
B1518-58	J1522-5829	0.2272485522	0.0328360963	0.3953528599	3130000	901000000000	1300000000000000000000000000000000
B1530+27	J1532+2745	0.3183972637	0.0615720513	1.1248357428	22900000	948000000000	22000000000000000000000000000000
B1535-56	J1539-5626	0.2828785266	0.0460022053	0.2433922004	795000	1100000000000	13000000000000000000000000000000000
B1540-06	J1543-0620	0.1672630869	0.0145246557	0.7090640698	12800000	799000000000	97000000000000000000000000000000
B1541+09	J1543+0929	0.2214841453	0.068554728	0.7484484162	27400000	576000000000	41000000000000000000000000000000
B1552-23	J1555-2341	0.2023690165	0.0485441767	0.5325777412	12200000	615000000000	180000000000000000000000000000000
B1552-31	J1555-3134	0.1532168687	0.0726605918	0.5181097798	132000000	182000000000	18000000000000000000000000000000
B1600-27	J1603-2712	0.2986303169	0.0450850398	0.7783131928	4100000	1550000000000	250000000000000000000000000000000
B1607-13	J1610-1322	0.1777502138	0.1272541756	1.0183927464	70200000	490000000000	8600000000000000000000000000000
B1610-50	J1614-5048	0.7981210896	0.163049716	0.2316938362	7420	10800000000000	1600000000000000000000000000000000000
B1612+07	J1614+0737	0.1624990979	0.0449081797	1.2068014364	8100000	1710000000000	53000000000000000000000000000000
B1620-09	J1623-0908	0.095417492	0.0430262638	1.2764458195	7840000	1840000000000	49000000000000000000000000000000
B1620-26	J1623-2631	0.4375756554	0.0779204492	0.0110757509	262000000	2760000000	19000000000000000000000000000000000
B1620-42	J1623-4256	0.1289516395	0.065198366	0.3645903553	5650000	618000000000	830000000000000000000000000000000
B1629-50	J1633-5015	0.3268901345	0.0530556045	0.35214238	1470000	1170000000000	3400000000000000000000000000000000
B1633+24	J1635+2418	0.2037295849	0.1431429057	0.4905065128	65100000	245000000000	40000000000000000000000000000000
B1642-03	J1645-0317	0.1124996907	0.0069740981	0.387689698	3450000	841000000000	1200000000000000000000000000000000
B1642-03	J1645-0317	0.1236792425	0.0087986152	0.387689698	3450000	841000000000	1200000000000000000000000000000000
B1648-17	J1651-1709	0.3267704786	0.1264671112	0.9733936919	5080000	1740000000000	130000000000000000000000000000000
B1649-23	J1652-2404	0.140712028	0.0357018424	1.7037391379	8550000	2350000000000	25000000000000000000000000000000
B1657-45	J1701-4533	0.3429028388	0.0760451391	0.3229085668	9850000	414000000000	610000000000000000000000000000000
B1700-18	J1703-1846	0.3245602531	0.0630307793	0.8043410793	7360000	1190000000000	130000000000000000000000000000000
B1702-19	J1705-1906	0.4859243638	0.0574347161	0.2989874273	1140000	1130000000000	6100000000000000000000000000000000
B1703-40	J1707-4053	0.2671919935	0.0816542114	0.5810167079	4780000	1070000000000	390000000000000000000000000000000
B1706-16	J1709-1640	0.134731619	0.0138033678	0.6530539713	1640000	2050000000000	890000000000000000000000000000000
B1706-44	J1709-4429	0.8858273123	0.1753925473	0.1024592459	17500	3120000000000	3400000000000000000000000000000000000
B1709-15	J1711-1509	0.1238646668	0.0638291823	0.868804249	12500000	990000000000	66000000000000000000000000000000
B1714-34	J1717-3425	0.1238555151	0.0217641374	0.6562992315	1060000	2570000000000	1400000000000000000000000000000000
B1717-16	J1720-1633	0.1242670343	0.0293803342	1.565601148	4280000	3050000000000	60000000000000000000000000000000
B1717-29	J1720-2933	0.1247366536	0.0415025171	0.6204483653	13200000	688000000000	120000000000000000000000000000000
B1718-02	J1720-0212	0.2115010276	0.1564524168	0.4777153437	91400000	201000000000	30000000000000000000000000000000
B1718-19	J1721-1936	0.7730549562	0.1522193506	1.0040374567	9800000	1290000000000	63000000000000000000000000000000
B1718-32	J1722-3207	0.1981538246	0.0248821401	0.4771575184	11700000	562000000000	230000000000000000000000000000000
B1718-35	J1721-3532	0.1330492021	0.1188633844	0.2804238585	176000	2690000000000	45000000000000000000000000000000000
B1718-35	J1721-3532	0.2094959293	0.0602323165	0.2804238585	176000	2690000000000	45000000000000000000000000000000000
B1727-33	J1730-3350	0.5614569334	0.0983186753	0.1394602113	26000	3480000000000	1200000000000000000000000000000000000
B1730-22	J1733-2228	0.2036300719	0.0472751129	0.871682833	323000000	195000000000	2500000000000000000000000000000
B1732-02	J1734-0212	0.2107867033	0.2565845483	0.839394325	31600000	602000000000	28000000000000000000000000000000
B1732-07	J1735-0724	0.2638926172	0.0313986789	0.4193349662	5470000	722000000000	650000000000000000000000000000000
B1734-35	J1737-3555	0.3269664528	0.1144958571	0.3975847464	1030000	1580000000000	3800000000000000000000000000000000
B1735-32	J1738-3211	0.1845751713	0.0292044581	0.7684989455	15300000	791000000000	69000000000000000000000000000000
B1736-29	J1739-2903	0.0588880462	0.0193087193	0.3228824318	649000	1610000000000	9200000000000000000000000000000000
B1736-31	J1739-3131	0.0938057167	0.0245081223	0.5294409884	451000	3170000000000	4900000000000000000000000000000000
B1737+13	J1740+1311	0.4380943981	0.043263788	0.8030502648	8770000	1090000000000	110000000000000000000000000000000
B1737-30	J1740-3015	0.8152019092	0.0515761792	0.6068866243	20600	17000000000000	82000000000000000000000000000000000
B1738-08	J1741-0840	0.3855087415	0.0461174258	2.0430824584	14200000	2180000000000	11000000000000000000000000000000
B1740-03	J1743-0339	0.1993485032	0.0591331923	0.4446451068	4530000	842000000000	700000000000000000000000000000000
B1740-13	J1743-1351	0.2698134963	0.1231805169	0.4053369486	13400000	445000000000	280000000000000000000000000000000
B1740-31	J1743-3150	0.1446104154	0.0293213503	2.41457552	317000	17300000000000	340000000000000000000000000000000
B1740-31	J1743-3150	0.165456014	0.0351856079	2.41457552	317000	17300000000000	340000000000000000000000000000000
B1742-30	J1745-3040	0.5100597286	0.0558030947	0.3674287539	546000	2000000000000	8500000000000000000000000000000000
B1745-12	J1748-1300	0.249997957	0.0462178555	0.3941333466	5150000	700000000000	780000000000000000000000000000000
B1746-30	J1749-3002	0.2812010567	0.0657595139	0.6098736487	1230000	2220000000000	1400000000000000000000000000000000
B1746-30	J1749-3002	0.1684411612	0.0538947043	0.6098736487	1230000	2220000000000	1400000000000000000000000000000000
B1747-31	J1750-3157	0.24197333	0.053928125	0.9103629842	73400000	428000000000	10000000000000000000000000000000
B1747-31	J1750-3157	0.2271884542	0.0706923386	0.9103629842	73400000	428000000000	10000000000000000000000000000000
B1749-28	J1752-2806	0.0685333244	0.005022939	0.5625576355	1100000	2160000000000	1800000000000000000000000000000000
B1750-24	J1753-2501	0.0596609273	0.0868811238	0.5283364094	593000	2760000000000	3800000000000000000000000000000000
B1753+52	J1754+5201	0.2974658636	0.0527839094	2.3913967949	24200000	1960000000000	4500000000000000000000000000000
B1753-24	J1756-2435	0.3808237326	0.0707002607	0.6704799626	37300000	442000000000	37000000000000000000000000000000
B1754-24	J1757-2421	0.2415713596	0.027992535	0.2341005715	287000	1760000000000	40000000000000000000000000000000000
B1756-22	J1759-2205	0.2344047304	0.0201947178	0.4609741279	672000	2270000000000	4400000000000000000000000000000000
B1758-03	J1801-0357	0.1844266512	0.0377463043	0.9214906738	4410000	1770000000000	170000000000000000000000000000000
B1758-23	J1801-2304	0.0656210579	0.0650378052	0.4158270895	58300	6930000000000	62000000000000000000000000000000000
B1758-29	J1801-2920	0.389793204	0.05809132	1.0819084742	5210000	1910000000000	100000000000000000000000000000000
B1800-21	J1803-2137	0.5773359661	0.1290815676	0.1336669203	15800	4290000000000	2200000000000000000000000000000000000
B1800-27	J1803-2712	0.3944099092	0.1172802978	0.3344154265	310000000	76600000000	18000000000000000000000000000000
B1800-27	J1803-2712	0.3727463207	0.0938048296	0.3344154265	310000000	76600000000	18000000000000000000000000000000
B1802-07	J1804-0735	0.1958485386	0.0583253615	0.0231008553	784000000	3320000000	1500000000000000000000000000000000
B1804-08	J1807-0847	0.2219775447	0.0371613533	0.1637273717	90100000	69500000000	260000000000000000000000000000000
B1804-27	J1807-2715	0.1403951809	0.0648025338	0.8277764615	1080000	3210000000000	850000000000000000000000000000000
B1805-20	J1808-2057	0.2042174901	0.0326393789	0.9184103263	852000	4010000000000	870000000000000000000000000000000
B1806-21	J1809-2109	0.1584326579	0.0304938801	0.7024136291	2910000	1660000000000	440000000000000000000000000000000
B1809-173	J1812-1718	0.203445226	0.040136119	1.2053744414	1000000	4850000000000	430000000000000000000000000000000
B1809-176	J1812-1733	0.2958465792	0.091814163	0.5383405433	8680000	736000000000	250000000000000000000000000000000
B1810+02	J1812+0226	0.1802557174	0.110087764	0.793902802	3490000	1710000000000	280000000000000000000000000000000
B1811+40	J1813+4013	0.398738677	0.0571641622	0.9310890849	5790000	1560000000000	120000000000000000000000000000000
B1813-17	J1816-1729	0.1361075818	0.0299031858	0.7823133599	1710000	2410000000000	600000000000000000000000000000000
B1813-26	J1816-2650	0.3326235395	0.0839821913	0.5928851304	141000000	201000000000	13000000000000000000000000000000
B1815-14	J1818-1422	0.0567924842	0.0197976503	0.2914894606	2270000	780000000000	3200000000000000000000000000000000
B1817-13	J1820-1346	0.0713396992	0.0285931544	0.9214597313	3250000	2060000000000	230000000000000000000000000000000
B1817-18	J1820-1818	0.2711876584	0.0560553249	0.3099045934	52500000	172000000000	120000000000000000000000000000000
B1818-04	J1820-0427	0.2445410251	0.0243523604	0.5980759297	1500000	1970000000000	1200000000000000000000000000000000
B1819-22	J1822-2256	0.1998738091	0.0298752456	1.8742685183	21900000	1610000000000	8100000000000000000000000000000
B1820-11	J1823-1115	0.1637231409	0.0459530102	0.2798286966	3220000	629000000000	2500000000000000000000000000000000
B1820-14	J1822-1400	0.0933603888	0.0452261376	0.2147711098	3750000	447000000000	3600000000000000000000000000000000
B1820-31	J1823-3106	0.5029570833	0.0460731188	0.284054345	1540000	923000000000	5000000000000000000000000000000000
B1821+05	J1823+0550	0.2197586045	0.0338147587	0.752906543	52600000	418000000000	21000000000000000000000000000000
B1821-11	J1824-1118	0.1574153637	0.0353157475	0.4357590333	1940000	1260000000000	1700000000000000000000000000000000
B1821-19	J1824-1945	0.0946234015	0.0072627426	0.1893349899	573000	1010000000000	30000000000000000000000000000000000
B1822+00	J1825+0004	0.211187418	0.0758258643	0.7789494001	14100000	836000000000	73000000000000000000000000000000
B1822-09	J1825-0935	0.2983038515	0.0255670105	0.7690058551	232000	6430000000000	4600000000000000000000000000000000
B1822-09	J1825-0935	0.3043920396	0.0245937184	0.7690058551	232000	6430000000000	4600000000000000000000000000000000
B1822-14	J1825-1446	0.2815072307	0.0365956624	0.2791868752	195000	2550000000000	41000000000000000000000000000000000
B1823-11	J1826-1131	0.1086284213	0.0295008004	2.0931363097	6750000	3240000000000	21000000000000000000000000000000
B1823-13	J1826-1334	0.8756608191	0.1474203189	0.1014867942	21400	2800000000000	2800000000000000000000000000000000000
B1824-10	J1827-0958	0.0978191977	0.0509508514	0.2457571181	3880000	502000000000	2700000000000000000000000000000000
B1826-17	J1829-1751	0.3147859671	0.0467315801	0.3071329758	877000	1320000000000	7600000000000000000000000000000000
B1829-08	J1832-0827	0.1803522379	0.0209150153	0.6472927184	161000	6510000000000	9300000000000000000000000000000000
B1829-10	J1832-1021	0.2139041387	0.0311643165	0.3303540894	1250000	1190000000000	4600000000000000000000000000000000
B1830-08	J1833-0827	0.2279943923	0.0377800686	0.0852842513	147000	895000000000	580000000000000000000000000000000000
B1831-03	J1833-0338	0.1496407089	0.0154817275	0.6867044441	262000	5410000000000	5100000000000000000000000000000000
B1831-04	J1834-0426	0.2615679316	0.0602454901	0.2901081932	63900000	146000000000	120000000000000000000000000000000
B1832-06	J1835-0643	0.1789636547	0.0707655955	0.3058300977	120000	3560000000000	56000000000000000000000000000000000
B1834-04	J1836-0436	0.163382084	0.035027479	0.3542365077	3380000	776000000000	1500000000000000000000000000000000
B1834-06	J1837-0653	0.1827891699	0.0345097636	1.9058087061	39100000	1230000000000	4400000000000000000000000000000
B1834-10	J1836-1008	0.1082366778	0.009517631	0.5627107361	756000	2610000000000	2600000000000000000000000000000000
B1838-04	J1841-0425	0.623225278	0.0743150286	0.186148858	461000	1100000000000	39000000000000000000000000000000000
B1839+09	J1841+0912	0.2824963765	0.0408853175	0.3813192941	5540000	652000000000	780000000000000000000000000000000
B1839+56	J1840+5640	0.3319925869	0.030035541	1.6528618529	17500000	1590000000000	13000000000000000000000000000000
B1839-04	J1842-0359	0.4929921346	0.0703525426	1.8399443152	57300000	979000000000	3200000000000000000000000000000
B1841-04	J1844-0433	0.235798664	0.0266622624	0.9910266164	4010000	1990000000000	160000000000000000000000000000000
B1841-05	J1844-0538	0.4783305818	0.0773316022	0.2556992681	417000	1590000000000	23000000000000000000000000000000000
B1842+14	J1844+1454	0.31874311	0.0542706865	0.3754633785	3180000	848000000000	1400000000000000000000000000000000
B1842-02	J1844-0244	0.083409363	0.0653986517	0.5077223221	481000	2950000000000	5000000000000000000000000000000000
B1842-04	J1845-0434	0.1432193941	0.0544347007	0.4867507986	681000	2380000000000	3900000000000000000000000000000000
B1844-04	J1847-0402	0.2043306757	0.0276317153	0.5977691513	183000	5630000000000	9600000000000000000000000000000000
B1845-01	J1848-0123	0.1557048551	0.0170946125	0.6594320505	1990000	1880000000000	720000000000000000000000000000000
B1845-19	J1848-1952	0.4589113965	0.1019419632	4.3081895986	2930000	10100000000000	11000000000000000000000000000000
B1846-06	J1849-0636	0.0609227416	0.0136776677	1.4513194711	497000	8290000000000	600000000000000000000000000000000
B1848+04	J1851+0418	0.0789747956	0.1517071868	0.2846974725	4140000	563000000000	1900000000000000000000000000000000
B1848+12	J1851+1259	0.1832776214	0.0411502063	1.2053032846	1660000	3770000000000	260000000000000000000000000000000
B1848+13	J1850+1335	0.6052123718	0.0738712735	0.3455818981	3670000	727000000000	1400000000000000000000000000000000
B1849+00	J1852+0031	0.0533086705	0.1117223229	2.1801951775	356000	14700000000000	370000000000000000000000000000000
B1851-14	J1854-1421	0.2170080818	0.0404098148	1.1465948471	4370000	2210000000000	110000000000000000000000000000000
B1853+01	J1856+0113	0.3720567018	0.1759288397	0.2674396099	20300	7550000000000	430000000000000000000000000000000000
B1855+02	J1857+0212	0.16518077	0.0309054154	0.4158230553	164000	4140000000000	22000000000000000000000000000000000
B1855+09	J1857+0943	0.0564593632	0.029360742	0.005362	4760000000	313000000	4600000000000000000000000000000000
B1857-26	J1900-2600	0.311896057	0.0583132524	0.6122092044	47400000	358000000000	35000000000000000000000000000000
B1859+01	J1901+0156	0.3823733776	0.0725528161	0.2882191593	1940000	834000000000	3900000000000000000000000000000000
B1859+03	J1901+0331	0.3050642603	0.0371366208	0.6554502395	1390000	2240000000000	1000000000000000000000000000000000
B1859+07	J1901+0716	0.1955775473	0.0355664345	0.6439986635	4460000	1230000000000	340000000000000000000000000000000
B1900+01	J1903+0135	0.1049120863	0.0097560863	0.7293038623	2870000	1740000000000	410000000000000000000000000000000
B1900+05	J1902+0556	0.197406581	0.0337840361	0.7465773564	919000	3140000000000	1200000000000000000000000000000000
B1900+06	J1902+0615	0.0772319288	0.0126161522	0.6735033169	1380000	2310000000000	1000000000000000000000000000000000
B1900-06	J1903-0632	0.1335781299	0.0412999485	0.4318870847	2010000	1230000000000	1700000000000000000000000000000000
B1903+07	J1905+0709	0.3334837663	0.0676795771	0.6480400543	2080000	1810000000000	720000000000000000000000000000000
B1904+06	J1906+0641	0.290710384	0.0463187073	0.2672750083	1980000	765000000000	4400000000000000000000000000000000
B1905+39	J1907+4002	0.3780524851	0.0628976173	1.2357574528	36200000	827000000000	11000000000000000000000000000000
B1906+09	J1908+0916	0.2240371935	0.180635258	0.8302698847	134000000	289000000000	6800000000000000000000000000000
B1907+00	J1909+0007	0.1218020476	0.0210537131	1.016948362	2920000	2400000000000	210000000000000000000000000000000
B1907+02	J1909+0254	0.1205242374	0.0378961844	0.9898312072	2840000	2370000000000	220000000000000000000000000000000
B1907+03	J1910+0358	0.1397184207	0.0533362072	2.3302628205	8260000	3270000000000	14000000000000000000000000000000
B1907+10	J1909+1102	0.2165714568	0.0226568842	0.2836413311	1700000	876000000000	4600000000000000000000000000000000
B1907-03	J1910-0309	0.2925019707	0.0533798132	0.5046046078	3660000	1060000000000	670000000000000000000000000000000
B1910+20	J1912+2104	0.3182874091	0.0435702586	2.2329690283	3480000	4820000000000	36000000000000000000000000000000
B1911-04	J1913-0440	0.1012920386	0.0096038252	0.8259358031	3220000	1850000000000	290000000000000000000000000000000
B1913+10	J1915+1009	0.5097583726	0.0602868442	0.4045474745	420000	2510000000000	9100000000000000000000000000000000
B1913+16	J1915+1606	0.3843619476	0.0848500737	0.0590300032	108000000	22800000000	1700000000000000000000000000000000
B1913+167	J1915+1647	0.4984186339	0.1706519186	1.6162314951	63200000	819000000000	3800000000000000000000000000000
B1914+09	J1916+0951	0.3910448033	0.0934480485	0.2702544396	1700000	835000000000	5000000000000000000000000000000000
B1914+13	J1916+1312	0.1907149965	0.0292893064	0.2818424074	1220000	1030000000000	6400000000000000000000000000000000
B1915+13	J1917+1353	0.494254163	0.0558351312	0.1946309828	428000	1200000000000	39000000000000000000000000000000000
B1916+14	J1918+1444	0.5194951957	0.0298987662	1.1810232973	88100	16000000000000	5100000000000000000000000000000000
B1917+00	J1919+0021	0.1321956315	0.0316790926	1.2722603747	2630000	3160000000000	150000000000000000000000000000000
B1918+19	J1921+1948	0.0938252828	0.0917375844	0.8210350806	14500000	868000000000	64000000000000000000000000000000
B1918+26	J1920+2650	0.2312656335	0.4376701193	0.7855218495	362000000	166000000000	2800000000000000000000000000000
B1919+14	J1921+1419	0.3993306049	0.0904095632	0.6181825908	1750000	1880000000000	940000000000000000000000000000000
B1919+21	J1921+2153	0.0950656725	0.0126077327	1.3373021602	15700000	1360000000000	22000000000000000000000000000000
B1920+20	J1922+2018	0.4686397748	0.2804571025	1.172763402	28600000	883000000000	16000000000000000000000000000000
B1920+21	J1922+2110	0.1271911737	0.0400545536	1.077924343	2090000	3000000000000	260000000000000000000000000000000
B1923+04	J1926+0431	0.1331388844	0.0302855569	1.0740781736	6920000	1640000000000	78000000000000000000000000000000
B1924+14	J1926+1434	0.1384592903	0.073285017	1.3249219714	95600000	546000000000	3700000000000000000000000000000
B1924+16	J1926+1648	0.6907736733	0.078203013	0.579822815	511000	3270000000000	3600000000000000000000000000000000
B1929+10	J1932+1059	0.7124705001	0.0762425542	0.226517635	3100000	518000000000	3900000000000000000000000000000000
B1929+10	J1932+1059	0.7237484277	0.1030946513	0.226517635	3100000	518000000000	3900000000000000000000000000000000
B1929+10	J1932+1059	0.7311600717	0.068056208	0.226517635	3100000	518000000000	3900000000000000000000000000000000
B1929+20	J1932+2020	0.0799429527	0.0373228367	0.268217403	1010000	1080000000000	8600000000000000000000000000000000
B1930+22	J1932+2220	0.5965902565	0.0802955437	0.1444697651	39800	2920000000000	750000000000000000000000000000000000
B1933+16	J1935+1616	0.2166026901	0.0181664062	0.3587384108	947000	1480000000000	5100000000000000000000000000000000
B1935+25	J1937+2544	0.3226526194	0.05380526	0.2009802024	4950000	364000000000	3100000000000000000000000000000000
B1937+21	J1939+2134	0.3021654915	0.0445027361	0.0015578065	235000000	409000000	1100000000000000000000000000000000000
B1937-26	J1941-2602	0.4866414541	0.0442707239	0.4028579089	6680000	628000000000	580000000000000000000000000000000
B1940-12	J1943-1237	0.2093617574	0.0529989164	0.9724288509	9310000	1280000000000	71000000000000000000000000000000
B1941-17	J1944-1750	0.1497550496	0.2137721487	0.8411577743	13500000	922000000000	65000000000000000000000000000000
B1943-29	J1946-2913	0.1442407346	0.0341815655	0.9594479315	10200000	1210000000000	67000000000000000000000000000000
B1944+17	J1946+1805	0.3031497929	0.0662414433	0.4406184769	290000000	104000000000	11000000000000000000000000000000
B1946+35	J1948+3540	0.2047219671	0.0163154449	0.7173111741	1610000	2280000000000	760000000000000000000000000000000
B1946-25	J1949-2524	0.3649940286	0.0813103615	0.9576166303	4640000	1790000000000	150000000000000000000000000000000
B1951+32	J1952+3252	0.4225253655	0.1152574387	0.0395311929	107000	486000000000	3700000000000000000000000000000000000
B1952+29	J1954+2923	0.3525800623	0.032848248	0.4266767865	3950000000	27300000000	870000000000000000000000000000
B1953+50	J1955+5059	0.1467238401	0.0153143588	0.5189379874	5990000	854000000000	390000000000000000000000000000000
B2000+32	J2002+3217	0.2700316043	0.0310043633	0.6967605102	105000	8660000000000	12000000000000000000000000000000000
B2000+40	J2002+4050	0.2100868144	0.0223000437	0.9050668203	8250000	1270000000000	93000000000000000000000000000000
B2002+31	J2004+3137	0.115235394	0.0108642206	2.1112647338	449000	12700000000000	310000000000000000000000000000000
B2003-08	J2006-0807	0.4678815767	0.1023408289	0.580871337	200000000	165000000000	9300000000000000000000000000000
B2011+38	J2013+3845	0.6842825054	0.1204793302	0.2301936139	412000	1440000000000	29000000000000000000000000000000000
B2016+28	J2018+2839	0.0772674289	0.0061577976	0.5579534804	59700000	291000000000	34000000000000000000000000000000
B2020+28	J2022+2854	0.2331728953	0.0201616769	0.3434021578	2870000	816000000000	1800000000000000000000000000000000
B2021+51	J2022+5154	0.4429233251	0.0604121348	0.5291969178	2740000	1290000000000	820000000000000000000000000000000
B2021+51	J2022+5154	0.2873139741	0.0646244496	0.5291969178	2740000	1290000000000	820000000000000000000000000000000
B2022+50	J2023+5037	0.1999295605	0.0210019285	0.3726190545	2350000	979000000000	1900000000000000000000000000000000
B2027+37	J2029+3744	0.2561590325	0.0411832862	1.2168046577	1560000	3920000000000	270000000000000000000000000000000
B2035+36	J2037+3621	0.2804827272	0.0723588229	0.6187150842	2180000	1690000000000	750000000000000000000000000000000
B2036+53	J2038+5319	0.1097944922	0.0607238347	1.4245682152	23900000	1170000000000	13000000000000000000000000000000
B2043-04	J2046-0421	0.0716610544	0.0143102895	1.5469381169	16700000	1530000000000	16000000000000000000000000000000
B2044+15	J2046+1540	0.1933274115	0.0208982337	1.1382856833	98900000	461000000000	4900000000000000000000000000000
B2045+56	J2046+5708	0.2879532694	0.1763925917	0.4767348421	679000	2330000000000	4100000000000000000000000000000000
B2045-16	J2048-1616	0.3966303536	0.036412762	1.9615723036	2840000	4690000000000	57000000000000000000000000000000
B2048-72	J2053-7200	0.2529668165	0.0511851697	0.3413362314	27600000	262000000000	190000000000000000000000000000000
B2053+21	J2055+2209	0.1565711793	0.0277139868	0.8151811028	9640000	1060000000000	98000000000000000000000000000000
B2053+36	J2055+3630	0.2001294732	0.0217782607	0.2215076383	9510000	289000000000	1300000000000000000000000000000000
B2106+44	J2108+4441	0.1226113209	0.034032809	0.4148705369	76200000	191000000000	48000000000000000000000000000000
B2110+27	J2113+2754	0.1147974046	0.0185932465	1.2028517541	7270000	1800000000000	59000000000000000000000000000000
B2111+46	J2113+4644	0.3911573298	0.0908405146	1.0146847932	22500000	862000000000	27000000000000000000000000000000
B2113+14	J2116+1414	0.1340190545	0.0557872833	0.4401530669	24100000	361000000000	130000000000000000000000000000000
B2148+52	J2150+5247	0.1703970159	0.0273273739	0.3322056715	521000	1850000000000	11000000000000000000000000000000000
B2148+63	J2149+6329	0.273354188	0.0413061525	0.3801403447	35800000	256000000000	120000000000000000000000000000000
B2152-31	J2155-3118	0.0688246591	0.0760679736	1.030002112	13200000	1140000000000	45000000000000000000000000000000
B2154+40	J2157+4017	0.4261399023	0.057454225	1.525265634	7040000	2320000000000	38000000000000000000000000000000
B2210+29	J2212+2933	0.173923339	0.0648683127	1.0045925289	32100000	714000000000	19000000000000000000000000000000
B2217+47	J2219+4754	0.14818558	0.0126570554	0.5384688219	3090000	1230000000000	700000000000000000000000000000000
B2224+65	J2225+6535	0.4677072272	0.0765719494	0.6825424974	1120000	2600000000000	1200000000000000000000000000000000
B2227+61	J2229+6205	0.1734566312	0.0487693434	0.4430545606	3110000	1010000000000	1000000000000000000000000000000000
B2241+69	J2242+6950	0.3598740956	0.1427568703	1.6645007862	5470000	2870000000000	41000000000000000000000000000000
B2255+58	J2257+5909	0.1083211578	0.0100530805	0.3682464543	1010000	1470000000000	4500000000000000000000000000000000
B2303+30	J2305+3100	0.1753484407	0.0201326435	1.5758863384	8630000	2160000000000	29000000000000000000000000000000
B2303+46	J2305+4707	0.2414131651	0.3007393091	1.0663710716	29700000	788000000000	19000000000000000000000000000000
B2306+55	J2308+5547	0.2222731173	0.0433290263	0.4750676748	37700000	312000000000	73000000000000000000000000000000
B2310+42	J2313+4253	0.2582174587	0.0298740682	0.3494336821	49300000	201000000000	100000000000000000000000000000000
B2310+42	J2313+4253	0.3529642251	0.0453428365	0.3494336821	49300000	201000000000	100000000000000000000000000000000
B2315+21	J2317+2149	0.090205433	0.0190403571	1.4446531023	21900000	1240000000000	14000000000000000000000000000000
B2319+60	J2321+6024	0.3686337296	0.0374404048	2.2564884268	5080000	4030000000000	24000000000000000000000000000000
B2319+60	J2321+6024	0.4192685371	0.0543310132	2.2564884268	5080000	4030000000000	24000000000000000000000000000000
B2321-61	J2324-6054	0.3429544707	0.0645828678	2.3474860533	14400000	2490000000000	7900000000000000000000000000000
B2323+63	J2325+6316	0.4693356341	0.0941761856	1.4363095361	8050000	2040000000000	38000000000000000000000000000000
B2324+60	J2326+6113	0.2485444729	0.0371581838	0.2336519695	10500000	290000000000	1100000000000000000000000000000000
B2327-20	J2330-2005	0.1206814016	0.0122132382	1.6436221853	5620000	2790000000000	41000000000000000000000000000000
B2334+61	J2337+6151	0.6947602324	0.1031195674	0.495369868	40600	9910000000000	63000000000000000000000000000000000
B2351+61	J2354+6155	0.2540822403	0.0263043496	0.9447838867	920000	3970000000000	760000000000000000000000000000000
B2351+61	J2354+6155	0.5108761964	0.0842509163	0.9447838867	920000	3970000000000	760000000000000000000000000000000
J0437-4715	J0437-4715	0.2079153448	0.0169325365	0.0057574519	1590000000	581000000	12000000000000000000000000000000000
J0538+2817	J0538+2817	0.9819433353	0.1209017401	0.1431582589	618000	733000000000	49000000000000000000000000000000000
J1022+1001	J1022+1001	0.4977540455	0.1155439822	0.01645293	6010000000	855000000	380000000000000000000000000000000
J1713+0747	J1713+0747	0.2587971712	0.0345969028	0.0045701365	8490000000	200000000	3500000000000000000000000000000000
J1916+0951	J1916+0951	0.3012486829	0.0481449174	0.2702544396	1700000	835000000000	5000000000000000000000000000000000
J1916+1312	J1916+1312	0.1969191831	0.0247686776	0.2818424074	1220000	1030000000000	6400000000000000000000000000000000
J1917+1353	J1917+1353	0.483866771	0.0438026411	0.1946309828	428000	1200000000000	39000000000000000000000000000000000
J1918+1444	J1918+1444	0.4954660824	0.0236441248	1.1810232973	88100	16000000000000	5100000000000000000000000000000000
J1919+0021	J1919+0021	0.0431508526	0.0261491002	1.2722603747	2630000	3160000000000	150000000000000000000000000000000
J1920+2650	J1920+2650	0.2799064267	0.040630969	0.7855218495	362000000	166000000000	2800000000000000000000000000000
J1921+1419	J1921+1419	0.4283907013	0.0647571711	0.6181825908	1750000	1880000000000	940000000000000000000000000000000
J1921+2153	J1921+2153	0.1167983371	0.0104086713	1.3373021602	15700000	1360000000000	22000000000000000000000000000000
J1922+2110	J1922+2110	0.1814554162	0.0344852894	1.077924343	2090000	3000000000000	260000000000000000000000000000000
J1926+0431	J1926+0431	0.1097295935	0.0193577283	1.0740781736	6920000	1640000000000	78000000000000000000000000000000
J1926+1434	J1926+1434	0.019383272	0.0379753882	1.3249219714	95600000	546000000000	3700000000000000000000000000000
J1926+1648	J1926+1648	0.6569555155	0.0475334209	0.579822815	511000	3270000000000	3600000000000000000000000000000000
J1927+2234	J1927+2234	0.1011351061	0.1209604042	1.4310664142	29400000	1060000000000	10000000000000000000000000000000
J1929+1844	J1929+1844	0.0381281882	0.1685461311	1.2204700045	8190000	1720000000000	51000000000000000000000000000000
J1930+1316	J1930+1316	0.0276062313	0.0890795281	0.7600319683	3290000	1690000000000	330000000000000000000000000000000
J1932+1059	J1932+1059	0.74334262	0.0817101591	0.226517635	3100000	518000000000	3900000000000000000000000000000000
J1932+2020	J1932+2020	0.0141923278	0.022084635	0.268217403	1010000	1080000000000	8600000000000000000000000000000000
J1932+2220	J1932+2220	0.6903025245	0.0755339906	0.1444697651	39800	2920000000000	750000000000000000000000000000000000
J1933+1304	J1933+1304	0.0470074428	0.0351610148	0.9283237514	46200000	550000000000	16000000000000000000000000000000
J1935+1616	J1935+1616	0.2288311091	0.0229053117	0.3587384108	947000	1480000000000	5100000000000000000000000000000000
J1935+1745	J1935+1745	0.0898674448	0.1699184607	0.6544081466	27400000	503000000000	53000000000000000000000000000000
J1936+1536	J1936+1536	0.0465406596	0.0516940927	0.9673383695	3790000	2000000000000	180000000000000000000000000000000
J1937+2544	J1937+2544	0.2995929318	0.0524158747	0.2009802024	4950000	364000000000	3100000000000000000000000000000000
J1946+1805	J1946+1805	0.3162588123	0.0674033797	0.4406184769	290000000	104000000000	11000000000000000000000000000000
J1946+2244	J1946+2244	0.2559958837	0.1446714966	1.3344498581	23800000	1100000000000	15000000000000000000000000000000
J1948+3540	J1948+3540	0.2206905863	0.015292281	0.7173111741	1610000	2280000000000	760000000000000000000000000000000
J1952+3252	J1952+3252	0.1782242933	0.0758965908	0.0395311929	107000	486000000000	3700000000000000000000000000000000000
J1954+2923	J1954+2923	0.2807780749	0.0275047543	0.4266767865	3950000000	27300000000	870000000000000000000000000000
J2002+3217	J2002+3217	0.0217345181	0.066076858	0.6967605102	105000	8660000000000	12000000000000000000000000000000000
J2004+3137	J2004+3137	0.1113543151	0.0055823896	2.1112647338	449000	12700000000000	310000000000000000000000000000000
J2018+2839	J2018+2839	0.0861127565	0.0067282814	0.5579534804	59700000	291000000000	34000000000000000000000000000000
J2022+2854	J2022+2854	0.2629825293	0.0197275247	0.3434021578	2870000	816000000000	1800000000000000000000000000000000
J2029+3744	J2029+3744	0.0557610264	0.0741983462	1.2168046577	1560000	3920000000000	270000000000000000000000000000000
J2030+2228	J2030+2228	0.125871213	0.0255471677	0.6305126467	11300000	756000000000	140000000000000000000000000000000
J2037+1942	J2037+1942	0.1859090104	0.0183596295	2.0743770781	16100000	2080000000000	9000000000000000000000000000000
J2037+3621	J2037+3621	0.2555437765	0.0447151567	0.6187150842	2180000	1690000000000	750000000000000000000000000000000
J2046+1540	J2046+1540	0.1785956236	0.013285004	1.1382856833	98900000	461000000000	4900000000000000000000000000000
J2055+2209	J2055+2209	0.2053441996	0.0111592461	0.8151811028	9640000	1060000000000	98000000000000000000000000000000
J2055+3630	J2055+3630	0.2224563998	0.0228419433	0.2215076383	9510000	289000000000	1300000000000000000000000000000000
J2113+2754	J2113+2754	0.1355691214	0.0107782614	1.2028517541	7270000	1800000000000	59000000000000000000000000000000
J2116+1414	J2116+1414	0.0994587982	0.0182240035	0.4401530669	24100000	361000000000	130000000000000000000000000000000
J2124+1407	J2124+1407	0.1268078466	0.0307416442	0.6940534791	14300000	739000000000	91000000000000000000000000000000
J2145-0750	J2145-0750	0.1223658491	0.0238703396	0.0160524239	8540000000	700000000	280000000000000000000000000000000
J2212+2933	J2212+2933	0.0843943997	0.0160529181	1.0045925289	32100000	714000000000	19000000000000000000000000000000
J2305+3100	J2305+3100	0.1519175423	0.0127164551	1.5758863384	8630000	2160000000000	29000000000000000000000000000000
J2317+2149	J2317+2149	0.1160343824	0.009990959	1.4446531023	21900000	1240000000000	14000000000000000000000000000000

