Bname	jname	dpitrue	dpiarea	period	Bsurf	Edot	Age
B0011+47	J0014+4746	0.3057879973	0.3066035318	1.2406990389	34800000	847000000000	12000000000000000000000000000000
B0031-07	J0034-0721	0.189051863	0.1875822169	0.9429509946	36600000	628000000000	19000000000000000000000000000000
B0037+56	J0040+5716	0.3348215961	0.3103228785	1.1182253452	6150000	1820000000000	81000000000000000000000000000000
B0052+51	J0055+5117	0.4335738339	0.4341026859	2.1151711489	3510000	4550000000000	40000000000000000000000000000000
B0059+65	J0102+6537	0.3506227912	0.344575133	1.6791642291	4470000	3200000000000	50000000000000000000000000000000
B0105+65	J0108+6608	0.1578312922	0.1568915413	1.2836598429	1560000	4140000000000	240000000000000000000000000000000
B0105+68	J0108+6905	0.4460054292	0.4379989011	1.0711181099	353000000	230000000000	1500000000000000000000000000000
B0136+57	J0139+5814	0.8344196409	0.830956615	0.272450631	403000	1730000000000	21000000000000000000000000000000000
B0138+59	J0141+6009	0.2832211103	0.2745933924	1.2229485205	49500000	700000000000	8400000000000000000000000000000
B0144+59	J0147+5922	0.376315958	0.3644104387	0.1963213754	12100000	227000000000	1300000000000000000000000000000000
B0148-06	J0151-0635	0.3992710192	0.3859600267	1.4646645493	52400000	815000000000	5600000000000000000000000000000
B0154+61	J0157+6212	0.2494431432	0.2350848475	2.3517449365	197000	21300000000000	570000000000000000000000000000000
B0301+19	J0304+1932	0.3318298315	0.3315672164	1.3875844463	17000000	1360000000000	19000000000000000000000000000000
B0320+39	J0323+3944	0.0620734675	0.0641479777	3.0320719564	75600000	1400000000000	900000000000000000000000000000
B0329+54	J0332+5434	0.2325572197	0.2323910542	0.7145196997	5530000	1220000000000	220000000000000000000000000000000
B0339+53	J0343+5312	0.454771337	0.4007909815	1.9344780673	2280000	5160000000000	73000000000000000000000000000000
B0353+52	J0357+5236	0.1281869597	0.124901966	0.197030098	6550000	310000000000	2500000000000000000000000000000000
B0355+54	J0358+5413	0.4758175167	0.474745098	0.1563824178	564000	839000000000	45000000000000000000000000000000000
B0402+61	J0406+6138	0.2394076293	0.2232094376	0.594576165	1690000	1840000000000	1000000000000000000000000000000000
B0410+69	J0415+6954	0.5052186328	0.3479928778	0.3907150899	80800000	175000000000	51000000000000000000000000000000
B0450+55	J0454+5543	0.3516742372	0.3481235719	0.3407294362	2280000	910000000000	2400000000000000000000000000000000
B0450-18	J0452-1759	0.1829725072	0.1814090089	0.5489392233	1510000	1800000000000	1400000000000000000000000000000000
B0458+46	J0502+4654	0.161991374	0.1575940356	0.6385654815	1810000	1910000000000	850000000000000000000000000000000
B0523+11	J0525+1115	0.3105017988	0.294980383	0.3544375945	76300000	163000000000	65000000000000000000000000000000
B0525+21	J0528+2200	0.3898067965	0.3892775903	3.7455392503	1480000	12400000000000	30000000000000000000000000000000
B0531+21	J0534+2200	0.2957058186	0.2593403925	0.033084716	1240	3780000000000	460000000000000000000000000000000000000
B0540+23	J0543+2329	0.4095775176	0.407982288	0.2459747689	253000	1970000000000	41000000000000000000000000000000000
B0559-05	J0601-0527	0.3797784677	0.3674965849	0.3959691695	4820000	727000000000	830000000000000000000000000000000
B0609+37	J0612+3721	0.2049349322	0.1949611498	0.2979823266	79400000	135000000000	89000000000000000000000000000000
B0611+22	J0614+2229	0.7542574449	0.7430909745	0.3349599661	89300	4520000000000	62000000000000000000000000000000000
B0621-04	J0624-0424	0.3397445894	0.2323272207	1.0390764759	19800000	940000000000	29000000000000000000000000000000
B0626+24	J0629+2415	0.2150579696	0.2079074896	0.476622836	3780000	987000000000	730000000000000000000000000000000
B0628-28	J0630-2834	0.4669626449	0.4582745327	1.2444185962	2770000	3010000000000	150000000000000000000000000000000
B0643+80	J0653+8051	0.5658799445	0.3594492253	1.2144405115	5070000	2170000000000	84000000000000000000000000000000
B0656+14	J0659+1414	0.907764506	0.907249188	0.3848911951	111000	4660000000000	38000000000000000000000000000000000
B0727-18	J0729-1836	0.1952462356	0.1938665413	0.5101603448	426000	3150000000000	5600000000000000000000000000000000
B0740-28	J0742-2822	0.8619580717	0.8586016046	0.1667622916	157000	1690000000000	140000000000000000000000000000000000
B0751+32	J0754+3231	0.467884952	0.4375552127	1.4423494791	21200000	1260000000000	14000000000000000000000000000000
B0756-15	J0758-1528	0.1048963452	0.093726882	0.6822651758	6680000	1060000000000	200000000000000000000000000000000
B0809+74	J0814+7429	0.3891713673	0.384094526	1.2922414469	122000000	472000000000	3100000000000000000000000000000
B0818-13	J0820-1350	0.1797080599	0.181464573	1.2381295439	9320000	1630000000000	44000000000000000000000000000000
B0820+02	J0823+0159	0.1296862743	0.1266239791	0.8648728047	131000000	304000000000	6400000000000000000000000000000
B0823+26	J0826+2637	0.2136579458	0.2110583135	0.5306605117	4920000	964000000000	450000000000000000000000000000000
B0834+06	J0837+0610	0.2010779509	0.1651398292	1.2737682916	2970000	2980000000000	130000000000000000000000000000000
B0844-35	J0846-3533	0.226816043	0.2161040483	1.1160971634	11000000	1350000000000	45000000000000000000000000000000
B0853-33	J0855-3331	0.0575969032	0.0545152268	1.2675357028	3180000	2860000000000	120000000000000000000000000000000
B0906-17	J0908-1739	0.1107980705	0.1058791266	0.4016256234	9500000	525000000000	410000000000000000000000000000000
B0919+06	J0922+0638	0.6186250256	0.6097394403	0.4306270999	501000	2450000000000	6700000000000000000000000000000000
B0940+16	J0943+1631	0.2067369416	0.1570154587	1.0874177281	189000000	318000000000	2800000000000000000000000000000
B0942-13	J0944-1354	0.1349063316	0.1243244992	0.5702641246	200000000	163000000000	9600000000000000000000000000000
B0950+08	J0953+0755	0.1277588767	0.1266123806	0.2530651649	17500000	244000000000	560000000000000000000000000000000
B1039-19	J1041-1942	0.2415342891	0.2384278846	1.3863680746	23200000	1160000000000	14000000000000000000000000000000
B1112+50	J1115+5030	0.2790354161	0.2723971224	1.6564397599	10500000	2060000000000	22000000000000000000000000000000
B1133+16	J1136+1551	0.1754624047	0.1750409417	1.1879130659	5040000	2130000000000	88000000000000000000000000000000
B1237+25	J1239+2453	0.3451538116	0.3424410923	1.382449103	22800000	1170000000000	14000000000000000000000000000000
B1254-10	J1257-1027	0.3522197243	0.3514038231	0.61730767	27000000	479000000000	61000000000000000000000000000000
B1508+55	J1509+5531	0.3224809396	0.3219038828	0.7396819229	2340000	1950000000000	490000000000000000000000000000000
B1530+27	J1532+2745	0.0992781986	0.082718482	1.1248357428	22900000	948000000000	22000000000000000000000000000000
B1540-06	J1543-0620	0.2014862064	0.1902957581	0.7090640698	12800000	799000000000	97000000000000000000000000000000
B1541+09	J1543+0929	0.0901424244	0.0877466931	0.7484484162	27400000	576000000000	41000000000000000000000000000000
B1552-23	J1555-2341	0.179646509	0.1751642725	0.5325777412	12200000	615000000000	180000000000000000000000000000000
B1552-31	J1555-3134	0.1249291751	0.1185695403	0.5181097798	132000000	182000000000	18000000000000000000000000000000
B1600-27	J1603-2712	0.2338848391	0.2283213454	0.7783131928	4100000	1550000000000	250000000000000000000000000000000
B1620-09	J1623-0908	0.1083683124	0.0669509484	1.2764458195	7840000	1840000000000	49000000000000000000000000000000
B1620-26	J1623-2631	0.2437888559	0.1832853653	0.0110757509	262000000	2760000000	19000000000000000000000000000000000
B1642-03	J1645-0317	0.1475993549	0.1437456777	0.387689698	3450000	841000000000	1200000000000000000000000000000000
B1649-23	J1652-2404	0.0989210752	0.0844516828	1.7037391379	8550000	2350000000000	25000000000000000000000000000000
B1700-18	J1703-1846	0.2637143268	0.2660977383	0.8043410793	7360000	1190000000000	130000000000000000000000000000000
B1702-19	J1705-1906	0.5137349742	0.57381289	0.2989874273	1140000	1130000000000	6100000000000000000000000000000000
B1706-16	J1709-1640	0.0977289265	0.0916065088	0.6530539713	1640000	2050000000000	890000000000000000000000000000000
B1709-15	J1711-1509	0.0805000732	0.0634600758	0.868804249	12500000	990000000000	66000000000000000000000000000000
B1717-16	J1720-1633	0.1375546333	0.1249808592	1.565601148	4280000	3050000000000	60000000000000000000000000000000
B1717-29	J1720-2933	0.1944051198	0.1684223962	0.6204483653	13200000	688000000000	120000000000000000000000000000000
B1718-32	J1722-3207	0.1957734334	0.1910292113	0.4771575184	11700000	562000000000	230000000000000000000000000000000
B1730-22	J1733-2228	0.1547203493	0.1508132579	0.871682833	323000000	195000000000	2500000000000000000000000000000
B1732-07	J1735-0724	0.3557654122	0.3178443278	0.4193349662	5470000	722000000000	650000000000000000000000000000000
B1735-32	J1738-3211	0.1908964795	0.1959436543	0.7684989455	15300000	791000000000	69000000000000000000000000000000
B1736-29	J1739-2903	0.0388378183	0.0573293195	0.3228824318	649000	1610000000000	9200000000000000000000000000000000
B1736-31	J1739-3131	0.1675326044	0.1562179732	0.5294409884	451000	3170000000000	4900000000000000000000000000000000
B1737+13	J1740+1311	0.4417952075	0.4383615862	0.8030502648	8770000	1090000000000	110000000000000000000000000000000
B1737-30	J1740-3015	0.7262532274	0.7193516665	0.6068866243	20600	17000000000000	82000000000000000000000000000000000
B1738-08	J1741-0840	0.3566112636	0.3534387594	2.0430824584	14200000	2180000000000	11000000000000000000000000000000
B1740-03	J1743-0339	0.2674491128	0.2625784146	0.4446451068	4530000	842000000000	700000000000000000000000000000000
B1740-13	J1743-1351	0.3924614274	0.3512054161	0.4053369486	13400000	445000000000	280000000000000000000000000000000
B1742-30	J1745-3040	0.4518709439	0.4496456657	0.3674287539	546000	2000000000000	8500000000000000000000000000000000
B1745-12	J1748-1300	0.2840269281	0.2721962581	0.3941333466	5150000	700000000000	780000000000000000000000000000000
B1749-28	J1752-2806	0.1117976318	0.1123175379	0.5625576355	1100000	2160000000000	1800000000000000000000000000000000
B1750-24	J1753-2501	0.048187859	0.0461631375	0.5283364094	593000	2760000000000	3800000000000000000000000000000000
B1753+52	J1754+5201	0.3706525733	0.4049908653	2.3913967949	24200000	1960000000000	4500000000000000000000000000000
B1753-24	J1756-2435	0.3794618607	0.3344835508	0.6704799626	37300000	442000000000	37000000000000000000000000000000
B1754-24	J1757-2421	0.2456439419	0.2336833704	0.2341005715	287000	1760000000000	40000000000000000000000000000000000
B1756-22	J1759-2205	0.2273238369	0.2056381465	0.4609741279	672000	2270000000000	4400000000000000000000000000000000
B1758-03	J1801-0357	0.1292052886	0.1289576586	0.9214906738	4410000	1770000000000	170000000000000000000000000000000
B1758-23	J1801-2304	0.0546743236	0.0538082826	0.4158270895	58300	6930000000000	62000000000000000000000000000000000
B1800-21	J1803-2137	0.5772720561	0.5740889747	0.1336669203	15800	4290000000000	2200000000000000000000000000000000000
B1802+03	J1805+0306	0.3279040458	0.3069576918	0.2187115655	3470000	473000000000	3800000000000000000000000000000000
B1802-07	J1804-0735	0.4109650201	0	0.0231008553	784000000	3320000000	1500000000000000000000000000000000
B1804-08	J1807-0847	0.2175219625	0.2170369285	0.1637273717	90100000	69500000000	260000000000000000000000000000000
B1805-20	J1808-2057	0.1578842586	0.1536057871	0.9184103263	852000	4010000000000	870000000000000000000000000000000
B1806-21	J1809-2109	0.1162375381	0.1029113156	0.7024136291	2910000	1660000000000	440000000000000000000000000000000
B1809-173	J1812-1718	0.183547918	0.1865361141	1.2053744414	1000000	4850000000000	430000000000000000000000000000000
B1809-176	J1812-1733	0.2909536381	0.2879249904	0.5383405433	8680000	736000000000	250000000000000000000000000000000
B1810+02	J1812+0226	0.2422278651	0.194214402	0.793902802	3490000	1710000000000	280000000000000000000000000000000
B1811+40	J1813+4013	0.3094033786	0.29130172	0.9310890849	5790000	1560000000000	120000000000000000000000000000000
B1813-17	J1816-1729	0.1705769984	0.1570403509	0.7823133599	1710000	2410000000000	600000000000000000000000000000000
B1813-26	J1816-2650	0.1824623363	0.175604378	0.5928851304	141000000	201000000000	13000000000000000000000000000000
B1813-36	J1817-3618	0.2370732252	0.1927164451	0.387016921	3000000	901000000000	1400000000000000000000000000000000
B1815-14	J1818-1422	0.0705895829	0.0676396811	0.2914894606	2270000	780000000000	3200000000000000000000000000000000
B1817-13	J1820-1346	0.1454520907	0.1479040168	0.9214597313	3250000	2060000000000	230000000000000000000000000000000
B1817-18	J1820-1818	0.247025949	0.202638342	0.3099045934	52500000	172000000000	120000000000000000000000000000000
B1818-04	J1820-0427	0.242926512	0.2427153988	0.5980759297	1500000	1970000000000	1200000000000000000000000000000000
B1819-22	J1822-2256	0.1769506234	0.1609030759	1.8742685183	21900000	1610000000000	8100000000000000000000000000000
B1820-11	J1823-1115	0.1489964798	0.1490731873	0.2798286966	3220000	629000000000	2500000000000000000000000000000000
B1820-14	J1822-1400	0.294242138	0.2086682927	0.2147711098	3750000	447000000000	3600000000000000000000000000000000
B1820-31	J1823-3106	0.4133931409	0.3944211107	0.284054345	1540000	923000000000	5000000000000000000000000000000000
B1821+05	J1823+0550	0.1777677469	0.1758898058	0.752906543	52600000	418000000000	21000000000000000000000000000000
B1821-11	J1824-1118	0.236912942	0.2178584106	0.4357590333	1940000	1260000000000	1700000000000000000000000000000000
B1821-19	J1824-1945	0.0784879279	0.0727439974	0.1893349899	573000	1010000000000	30000000000000000000000000000000000
B1822+00	J1825+0004	0.3976144753	0.3075598131	0.7789494001	14100000	836000000000	73000000000000000000000000000000
B1822-09	J1825-0935	0.3511118685	0.3522209871	0.7690058551	232000	6430000000000	4600000000000000000000000000000000
B1822-14	J1825-1446	0.3550990845	0.3555081906	0.2791868752	195000	2550000000000	41000000000000000000000000000000000
B1823-11	J1826-1131	0.0601145564	0.0295011672	2.0931363097	6750000	3240000000000	21000000000000000000000000000000
B1823-13	J1826-1334	0.7988800281	0.7951590255	0.1014867942	21400	2800000000000	2800000000000000000000000000000000000
B1824-10	J1827-0958	0.0294916581	0.0247505652	0.2457571181	3880000	502000000000	2700000000000000000000000000000000
B1826-17	J1829-1751	0.2073806449	0.2032321544	0.3071329758	877000	1320000000000	7600000000000000000000000000000000
B1829-08	J1832-0827	0.1538566177	0.1480261616	0.6472927184	161000	6510000000000	9300000000000000000000000000000000
B1829-10	J1832-1021	0.0571364865	0.0562416046	0.3303540894	1250000	1190000000000	4600000000000000000000000000000000
B1830-08	J1833-0827	0.1147894811	0.1145076964	0.0852842513	147000	895000000000	580000000000000000000000000000000000
B1831-03	J1833-0338	0.204211034	0.2001613326	0.6867044441	262000	5410000000000	5100000000000000000000000000000000
B1831-04	J1834-0426	0.2797655913	0.2785605899	0.2901081932	63900000	146000000000	120000000000000000000000000000000
B1832-06	J1835-0643	0.277137919	0.2668683301	0.3058300977	120000	3560000000000	56000000000000000000000000000000000
B1834-04	J1836-0436	0.1252470748	0.1038061864	0.3542365077	3380000	776000000000	1500000000000000000000000000000000
B1834-06	J1837-0653	0.1139708267	0.1293435419	1.9058087061	39100000	1230000000000	4400000000000000000000000000000
B1834-10	J1836-1008	0.0790090267	0.0735688834	0.5627107361	756000	2610000000000	2600000000000000000000000000000000
B1838-04	J1841-0425	0.5826954246	0.4943025518	0.186148858	461000	1100000000000	39000000000000000000000000000000000
B1839+09	J1841+0912	0.2629148968	0.260064329	0.3813192941	5540000	652000000000	780000000000000000000000000000000
B1839+56	J1840+5640	0.307275079	0.2950274523	1.6528618529	17500000	1590000000000	13000000000000000000000000000000
B1839-04	J1842-0359	0.4875107374	0.4903631049	1.8399443152	57300000	979000000000	3200000000000000000000000000000
B1841-04	J1844-0433	0.290092566	0.2716232342	0.9910266164	4010000	1990000000000	160000000000000000000000000000000
B1841-05	J1844-0538	0.4546454657	0.432965769	0.2556992681	417000	1590000000000	23000000000000000000000000000000000
B1842+14	J1844+1454	0.3629219253	0.3114575927	0.3754633785	3180000	848000000000	1400000000000000000000000000000000
B1842-02	J1844-0244	0.0906887166	0.0937395659	0.5077223221	481000	2950000000000	5000000000000000000000000000000000
B1842-04	J1845-0434	0.1689175386	0.16882339	0.4867507986	681000	2380000000000	3900000000000000000000000000000000
B1844-04	J1847-0402	0.2512406242	0.2486847475	0.5977691513	183000	5630000000000	9600000000000000000000000000000000
B1845-01	J1848-0123	0.1560429439	0.1545970099	0.6594320505	1990000	1880000000000	720000000000000000000000000000000
B1845-19	J1848-1952	0.2203813705	0.2191100995	4.3081895986	2930000	10100000000000	11000000000000000000000000000000
B1846-06	J1849-0636	0.1021057768	0.0981751617	1.4513194711	497000	8290000000000	600000000000000000000000000000000
B1848+04	J1851+0418	0.3141331761	0.1417131331	0.2846974725	4140000	563000000000	1900000000000000000000000000000000
B1848+12	J1851+1259	0.3333980684	0.2572097553	1.2053032846	1660000	3770000000000	260000000000000000000000000000000
B1848+13	J1850+1335	0.3271233885	0.2969759796	0.3455818981	3670000	727000000000	1400000000000000000000000000000000
B1849+00	J1852+0031	0.0986772651	0.0904732324	2.1801951775	356000	14700000000000	370000000000000000000000000000000
B1851-14	J1854-1421	0.2476313497	0.2337168388	1.1465948471	4370000	2210000000000	110000000000000000000000000000000
B1853+01	J1856+0113	0.5438225488	0.3813882662	0.2674396099	20300	7550000000000	430000000000000000000000000000000000
B1855+02	J1857+0212	0.1606795207	0.1399122589	0.4158230553	164000	4140000000000	22000000000000000000000000000000000
B1855+09	J1857+0943	0.1111380848	0.1013307416	0.005362	4760000000	313000000	4600000000000000000000000000000000
B1857-26	J1900-2600	0.3215310701	0.322148772	0.6122092044	47400000	358000000000	35000000000000000000000000000000
B1859+01	J1901+0156	0.1301064522	0.0997989891	0.2882191593	1940000	834000000000	3900000000000000000000000000000000
B1859+03	J1901+0331	0.3076595158	0.3019503232	0.6554502395	1390000	2240000000000	1000000000000000000000000000000000
B1859+07	J1901+0716	0.2365456013	0.2137337175	0.6439986635	4460000	1230000000000	340000000000000000000000000000000
B1900+01	J1903+0135	0.0919432473	0.0894868542	0.7293038623	2870000	1740000000000	410000000000000000000000000000000
B1900+05	J1902+0556	0.2546633669	0.2526006102	0.7465773564	919000	3140000000000	1200000000000000000000000000000000
B1900+06	J1902+0615	0.0659625316	0.0663207641	0.6735033169	1380000	2310000000000	1000000000000000000000000000000000
B1900-06	J1903-0632	0.110368641	0.0904807738	0.4318870847	2010000	1230000000000	1700000000000000000000000000000000
B1903+07	J1905+0709	0.3885858364	0.3507520721	0.6480400543	2080000	1810000000000	720000000000000000000000000000000
B1904+06	J1906+0641	0.2171267641	0.2084894416	0.2672750083	1980000	765000000000	4400000000000000000000000000000000
B1905+39	J1907+4002	0.4151084258	0.3170470924	1.2357574528	36200000	827000000000	11000000000000000000000000000000
B1907+00	J1909+0007	0.26973608	0.2617609613	1.016948362	2920000	2400000000000	210000000000000000000000000000000
B1907+02	J1909+0254	0.2289326243	0.1765458801	0.9898312072	2840000	2370000000000	220000000000000000000000000000000
B1907+03	J1910+0358	0.1568049343	0.1091497815	2.3302628205	8260000	3270000000000	14000000000000000000000000000000
B1907+10	J1909+1102	0.2461446156	0.2576045982	0.2836413311	1700000	876000000000	4600000000000000000000000000000000
B1907-03	J1910-0309	0.1854632866	0.0901779034	0.5046046078	3660000	1060000000000	670000000000000000000000000000000
B1911-04	J1913-0440	0.1078636514	0.1079620716	0.8259358031	3220000	1850000000000	290000000000000000000000000000000
B1913+10	J1915+1009	0.5039127223	0.4922652124	0.4045474745	420000	2510000000000	9100000000000000000000000000000000
B1913+167	J1915+1647	0.247099931	0.186686685	1.6162314951	63200000	819000000000	3800000000000000000000000000000
B1914+09	J1916+0951	0.2929960696	0.2712737825	0.2702544396	1700000	835000000000	5000000000000000000000000000000000
B1914+13	J1916+1312	0.1470901608	0.1302520344	0.2818424074	1220000	1030000000000	6400000000000000000000000000000000
B1915+13	J1917+1353	0.4473793403	0.4431119314	0.1946309828	428000	1200000000000	39000000000000000000000000000000000
B1916+14	J1918+1444	0.428723731	0.4057403982	1.1810232973	88100	16000000000000	5100000000000000000000000000000000
B1917+00	J1919+0021	0.1033880522	0.1014362476	1.2722603747	2630000	3160000000000	150000000000000000000000000000000
B1918+19	J1921+1948	0.0378051376	0.0244466223	0.8210350806	14500000	868000000000	64000000000000000000000000000000
B1918+26	J1920+2650	0.3368899996	0.3077354548	0.7855218495	362000000	166000000000	2800000000000000000000000000000
B1919+14	J1921+1419	0.3722367646	0.3410054108	0.6181825908	1750000	1880000000000	940000000000000000000000000000000
B1919+21	J1921+2153	0.1833965144	0.1746733824	1.3373021602	15700000	1360000000000	22000000000000000000000000000000
B1920+21	J1922+2110	0.2550730261	0.2575118685	1.077924343	2090000	3000000000000	260000000000000000000000000000000
B1923+04	J1926+0431	0.2906658168	0.2676561808	1.0740781736	6920000	1640000000000	78000000000000000000000000000000
B1924+14	J1926+1434	0.2937558314	0.1430947895	1.3249219714	95600000	546000000000	3700000000000000000000000000000
B1924+16	J1926+1648	0.6001149514	0.5675111131	0.579822815	511000	3270000000000	3600000000000000000000000000000000
B1929+10	J1932+1059	0.7484438185	0.7519175867	0.226517635	3100000	518000000000	3900000000000000000000000000000000
B1929+20	J1932+2020	0.1760693348	0.1549820177	0.268217403	1010000	1080000000000	8600000000000000000000000000000000
B1930+22	J1932+2220	0.4590195136	0.4113712253	0.1444697651	39800	2920000000000	750000000000000000000000000000000000
B1933+16	J1935+1616	0.2738221241	0.272937388	0.3587384108	947000	1480000000000	5100000000000000000000000000000000
B1935+25	J1937+2544	0.3911374959	0.3801016161	0.2009802024	4950000	364000000000	3100000000000000000000000000000000
B1937-26	J1941-2602	0.5436966591	0.5217983228	0.4028579089	6680000	628000000000	580000000000000000000000000000000
B1940-12	J1943-1237	0.1769930817	0.1569033388	0.9724288509	9310000	1280000000000	71000000000000000000000000000000
B1943-29	J1946-2913	0.2300320373	0.1415588321	0.9594479315	10200000	1210000000000	67000000000000000000000000000000
B1944+17	J1946+1805	0.3159487316	0.3200528847	0.4406184769	290000000	104000000000	11000000000000000000000000000000
B1946+35	J1948+3540	0.1895986767	0.1839079148	0.7173111741	1610000	2280000000000	760000000000000000000000000000000
B1951+32	J1952+3252	0.1531391832	0.1135874527	0.0395311929	107000	486000000000	3700000000000000000000000000000000000
B1952+29	J1954+2923	0.2789884763	0.2766658721	0.4266767865	3950000000	27300000000	870000000000000000000000000000
B1953+50	J1955+5059	0.2273508636	0.2161964205	0.5189379874	5990000	854000000000	390000000000000000000000000000000
B2000+32	J2002+3217	0.3354572038	0.3246079431	0.6967605102	105000	8660000000000	12000000000000000000000000000000000
B2000+40	J2002+4050	0.1888892051	0.1863406064	0.9050668203	8250000	1270000000000	93000000000000000000000000000000
B2002+31	J2004+3137	0.1962349927	0.1846382035	2.1112647338	449000	12700000000000	310000000000000000000000000000000
B2003-08	J2006-0807	0.3310576266	0.2068350599	0.580871337	200000000	165000000000	9300000000000000000000000000000
B2011+38	J2013+3845	0.6770960574	0.660769675	0.2301936139	412000	1440000000000	29000000000000000000000000000000000
B2016+28	J2018+2839	0.1107713961	0.1048667023	0.5579534804	59700000	291000000000	34000000000000000000000000000000
B2020+28	J2022+2854	0.2208877635	0.2205179012	0.3434021578	2870000	816000000000	1800000000000000000000000000000000
B2021+51	J2022+5154	0.3412043212	0.3409519179	0.5291969178	2740000	1290000000000	820000000000000000000000000000000
B2022+50	J2023+5037	0.2143635449	0.2476805416	0.3726190545	2350000	979000000000	1900000000000000000000000000000000
B2027+37	J2029+3744	0.27216665	0.2215688933	1.2168046577	1560000	3920000000000	270000000000000000000000000000000
B2035+36	J2037+3621	0.3840353199	0.3769879981	0.6187150842	2180000	1690000000000	750000000000000000000000000000000
B2043-04	J2046-0421	0.0960216184	0.0651018119	1.5469381169	16700000	1530000000000	16000000000000000000000000000000
B2044+15	J2046+1540	0.105733835	0.0821545651	1.1382856833	98900000	461000000000	4900000000000000000000000000000
B2045+56	J2046+5708	0.2348534066	0.1104554488	0.4767348421	679000	2330000000000	4100000000000000000000000000000000
B2045-16	J2048-1616	0.3380043156	0.3374773806	1.9615723036	2840000	4690000000000	57000000000000000000000000000000
B2053+21	J2055+2209	0.1716428865	0.1557334194	0.8151811028	9640000	1060000000000	98000000000000000000000000000000
B2053+36	J2055+3630	0.1520660657	0.1426754039	0.2215076383	9510000	289000000000	1300000000000000000000000000000000
B2106+44	J2108+4441	0.1738646489	0.1729874092	0.4148705369	76200000	191000000000	48000000000000000000000000000000
B2110+27	J2113+2754	0.1861286393	0.1826818771	1.2028517541	7270000	1800000000000	59000000000000000000000000000000
B2111+46	J2113+4644	0.4117860948	0.4122084446	1.0146847932	22500000	862000000000	27000000000000000000000000000000
B2113+14	J2116+1414	0.4514695796	0.4305777792	0.4401530669	24100000	361000000000	130000000000000000000000000000000
B2148+52	J2150+5247	0.1805913214	0.1724634878	0.3322056715	521000	1850000000000	11000000000000000000000000000000000
B2148+63	J2149+6329	0.2956735111	0.2879077273	0.3801403447	35800000	256000000000	120000000000000000000000000000000
B2154+40	J2157+4017	0.4231898421	0.4209734743	1.525265634	7040000	2320000000000	38000000000000000000000000000000
B2210+29	J2212+2933	0.2583521434	0.181304089	1.0045925289	32100000	714000000000	19000000000000000000000000000000
B2217+47	J2219+4754	0.1754157809	0.171711793	0.5384688219	3090000	1230000000000	700000000000000000000000000000000
B2224+65	J2225+6535	0.5395788122	0.5396316018	0.6825424974	1120000	2600000000000	1200000000000000000000000000000000
B2227+61	J2229+6205	0.0798342373	0.0725822892	0.4430545606	3110000	1010000000000	1000000000000000000000000000000000
B2255+58	J2257+5909	0.1498155708	0.1437103149	0.3682464543	1010000	1470000000000	4500000000000000000000000000000000
B2303+30	J2305+3100	0.2783133137	0.2688490358	1.5758863384	8630000	2160000000000	29000000000000000000000000000000
B2303+46	J2305+4707	0.2095523875	0.2003353854	1.0663710716	29700000	788000000000	19000000000000000000000000000000
B2306+55	J2308+5547	0.6967805038	0.3650829199	0.4750676748	37700000	312000000000	73000000000000000000000000000000
B2310+42	J2313+4253	0.2002250686	0.1991306234	0.3494336821	49300000	201000000000	100000000000000000000000000000000
B2319+60	J2321+6024	0.3762049772	0.3751379492	2.2564884268	5080000	4030000000000	24000000000000000000000000000000
B2323+63	J2325+6316	0.3798073888	0.3818755195	1.4363095361	8050000	2040000000000	38000000000000000000000000000000
B2324+60	J2326+6113	0.246819671	0.2419946993	0.2336519695	10500000	290000000000	1100000000000000000000000000000000
B2334+61	J2337+6151	0.6512554759	0.6350146201	0.495369868	40600	9910000000000	63000000000000000000000000000000000
B2351+61	J2354+6155	0.2240558093	0.2213604808	0.9447838867	920000	3970000000000	760000000000000000000000000000000

