Bname	jname	dpitrue	dpiarea	period	Bsurf	Edot	Age
B0031-07	J0034-0721	0.1404131731	0.1379040254	0.9429509946	36600000	628000000000	19000000000000000000000000000000
B0052+51	J0055+5117	0.2918979502	0.2855677041	2.1151711489	3510000	4550000000000	40000000000000000000000000000000
B0136+57	J0139+5814	0.5768770046	0.5748974724	0.272450631	403000	1730000000000	21000000000000000000000000000000000
B0138+59	J0141+6009	0.1085191547	0.1047923437	1.2229485205	49500000	700000000000	8400000000000000000000000000000
B0144+59	J0147+5922	0.201919064	0.1899174411	0.1963213754	12100000	227000000000	1300000000000000000000000000000000
B0301+19	J0304+1932	0.1621251295	0.1595743416	1.3875844463	17000000	1360000000000	19000000000000000000000000000000
B0320+39	J0323+3944	0.2219177841	0.2225861583	3.0320719564	75600000	1400000000000	900000000000000000000000000000
B0329+54	J0332+5434	0.1331673025	0.1331487264	0.7145196997	5530000	1220000000000	220000000000000000000000000000000
B0353+52	J0357+5236	0.4041666241	0.3684396032	0.197030098	6550000	310000000000	2500000000000000000000000000000000
B0355+54	J0358+5413	0.5939096823	0.5935679118	0.1563824178	564000	839000000000	45000000000000000000000000000000000
B0402+61	J0406+6138	0.171514802	0.1645018716	0.594576165	1690000	1840000000000	1000000000000000000000000000000000
B0450+55	J0454+5543	0.4909573939	0.4887715853	0.3407294362	2280000	910000000000	2400000000000000000000000000000000
B0450-18	J0452-1759	0.2286229165	0.2219683363	0.5489392233	1510000	1800000000000	1400000000000000000000000000000000
B0458+46	J0502+4654	0.1712930907	0.1605785248	0.6385654815	1810000	1910000000000	850000000000000000000000000000000
B0525+21	J0528+2200	0.2172021634	0.2164477726	3.7455392503	1480000	12400000000000	30000000000000000000000000000000
B0531+21	J0534+2200	0.6330093653	0.6072653582	0.033084716	1240	3780000000000	460000000000000000000000000000000000000
B0540+23	J0543+2329	0.3243064605	0.3242741122	0.2459747689	253000	1970000000000	41000000000000000000000000000000000
B0559-05	J0601-0527	0.5835255768	0.5519767264	0.3959691695	4820000	727000000000	830000000000000000000000000000000
B0611+22	J0614+2229	0.708935191	0.5962606801	0.3349599661	89300	4520000000000	62000000000000000000000000000000000
B0626+24	J0629+2415	0.2994297085	0.2939732582	0.476622836	3780000	987000000000	730000000000000000000000000000000
B0628-28	J0630-2834	0.0343924285	0.0336414953	1.2444185962	2770000	3010000000000	150000000000000000000000000000000
B0656+14	J0659+1414	0.2853949701	0.2838284124	0.3848911951	111000	4660000000000	38000000000000000000000000000000000
B0740-28	J0742-2822	0.7193072413	0.7190330744	0.1667622916	157000	1690000000000	140000000000000000000000000000000000
B0809+74	J0814+7429	0.1562967674	0.1558042321	1.2922414469	122000000	472000000000	3100000000000000000000000000000
B0818-13	J0820-1350	0.3078840644	0.2833829538	1.2381295439	9320000	1630000000000	44000000000000000000000000000000
B0823+26	J0826+2637	0.182606872	0.180800893	0.5306605117	4920000	964000000000	450000000000000000000000000000000
B0834+06	J0837+0610	0.1459375166	0.1406469648	1.2737682916	2970000	2980000000000	130000000000000000000000000000000
B0906-17	J0908-1739	0.0925220173	0.0946182296	0.4016256234	9500000	525000000000	410000000000000000000000000000000
B0919+06	J0922+0638	0.5679682369	0.5643743915	0.4306270999	501000	2450000000000	6700000000000000000000000000000000
B0942-13	J0944-1354	0.0983381539	0.0773860644	0.5702641246	200000000	163000000000	9600000000000000000000000000000
B0950+08	J0953+0755	0.14541056	0.1430333149	0.2530651649	17500000	244000000000	560000000000000000000000000000000
B1039-19	J1041-1942	0.0846937505	0.0836473441	1.3863680746	23200000	1160000000000	14000000000000000000000000000000
B1133+16	J1136+1551	0.1315571894	0.1315350389	1.1879130659	5040000	2130000000000	88000000000000000000000000000000
B1237+25	J1239+2453	0.2260958003	0.2251208591	1.382449103	22800000	1170000000000	14000000000000000000000000000000
B1254-10	J1257-1027	0.2669610534	0.2536073813	0.61730767	27000000	479000000000	61000000000000000000000000000000
B1259-63	J1302-6350	0.9763641297	0.9671149525	0.0477625068	332000	334000000000	820000000000000000000000000000000000
B1541+09	J1543+0929	0.136183096	0.1228918286	0.7484484162	27400000	576000000000	41000000000000000000000000000000
B1604-00	J1607-0032	0.1046132774	0.1042857416	0.4218162336	21800000	364000000000	160000000000000000000000000000000
B1642-03	J1645-0317	0.1536786189	0.1537891671	0.387689698	3450000	841000000000	1200000000000000000000000000000000
B1649-23	J1652-2404	0.0817932887	0.0819390089	1.7037391379	8550000	2350000000000	25000000000000000000000000000000
B1702-19	J1705-1906	0.4639256784	0.4865236811	0.2989874273	1140000	1130000000000	6100000000000000000000000000000000
B1706-16	J1709-1640	0.199763863	0.201222688	0.6530539713	1640000	2050000000000	890000000000000000000000000000000
B1737+13	J1740+1311	0.2609340674	0.2552912626	0.8030502648	8770000	1090000000000	110000000000000000000000000000000
B1737-30	J1740-3015	0.7281893744	0.6993613335	0.6068866243	20600	17000000000000	82000000000000000000000000000000000
B1800-21	J1803-2137	0.7982318939	0.7954792013	0.1336669203	15800	4290000000000	2200000000000000000000000000000000000
B1800-21	J1803-2137	0.9282583018	0.9292581438	0.1336669203	15800	4290000000000	2200000000000000000000000000000000000
B1821+05	J1823+0550	0.1677956418	0.1652811852	0.752906543	52600000	418000000000	21000000000000000000000000000000
B1822-09	J1825-0935	0.3398158753	0.3390246315	0.7690058551	232000	6430000000000	4600000000000000000000000000000000
B1823-13	J1826-1334	0.8451118811	0.8420780998	0.1014867942	21400	2800000000000	2800000000000000000000000000000000000
B1831-04	J1834-0426	0.198378751	0.197204693	0.2901081932	63900000	146000000000	120000000000000000000000000000000
B1839+56	J1840+5640	0.1517478811	0.1496520089	1.6528618529	17500000	1590000000000	13000000000000000000000000000000
B1839+56	J1840+5640	0.1517478811	0.1496520089	1.6528618529	17500000	1590000000000	13000000000000000000000000000000
B1853+01	J1856+0113	0.9647541957	0.9429505297	0.2674396099	20300	7550000000000	430000000000000000000000000000000000
B1904+06	J1906+0641	0.1548436477	0.150973201	0.2672750083	1980000	765000000000	4400000000000000000000000000000000
B1911-04	J1913-0440	0.1523259976	0.1464349036	0.8259358031	3220000	1850000000000	290000000000000000000000000000000
B1913+10	J1915+1009	0.1629093313	0.1409674963	0.4045474745	420000	2510000000000	9100000000000000000000000000000000
B1913+10	J1915+1009	0.2750178384	0.2734939922	0.4045474745	420000	2510000000000	9100000000000000000000000000000000
B1914+13	J1916+1312	0.0862607801	0.077811233	0.2818424074	1220000	1030000000000	6400000000000000000000000000000000
B1915+13	J1917+1353	0.3748398881	0.3719318762	0.1946309828	428000	1200000000000	39000000000000000000000000000000000
B1916+14	J1918+1444	0.2574631256	0.2579743407	1.1810232973	88100	16000000000000	5100000000000000000000000000000000
B1919+21	J1921+2153	0.1732252514	0.1621930562	1.3373021602	15700000	1360000000000	22000000000000000000000000000000
B1929+10	J1932+1059	0.6690737003	0.6664120398	0.226517635	3100000	518000000000	3900000000000000000000000000000000
B1933+16	J1935+1616	0.2140171556	0.2105646747	0.3587384108	947000	1480000000000	5100000000000000000000000000000000
B1935+25	J1937+2544	0.3544133155	0.3473086288	0.2009802024	4950000	364000000000	3100000000000000000000000000000000
B1937-26	J1941-2602	0.2001963393	0.2019699687	0.4028579089	6680000	628000000000	580000000000000000000000000000000
B1944+17	J1946+1805	0.2370706955	0.2364476637	0.4406184769	290000000	104000000000	11000000000000000000000000000000
B1946+35	J1948+3540	0.2059300824	0.2017965245	0.7173111741	1610000	2280000000000	760000000000000000000000000000000
B1952+29	J1954+2923	0.0899049915	0.0888248474	0.4266767865	3950000000	27300000000	870000000000000000000000000000
B2000+40	J2002+4050	0.0477933806	0.0370222798	0.9050668203	8250000	1270000000000	93000000000000000000000000000000
B2011+38	J2013+3845	0.6124469812	0.6041640977	0.2301936139	412000	1440000000000	29000000000000000000000000000000000
B2016+28	J2018+2839	0.0758422009	0.074790577	0.5579534804	59700000	291000000000	34000000000000000000000000000000
B2020+28	J2022+2854	0.1686307181	0.1689051719	0.3434021578	2870000	816000000000	1800000000000000000000000000000000
B2021+51	J2022+5154	0.2888506973	0.2900907052	0.5291969178	2740000	1290000000000	820000000000000000000000000000000
B2045-16	J2048-1616	0.1618817732	0.1616674606	1.9615723036	2840000	4690000000000	57000000000000000000000000000000
B2110+27	J2113+2754	0.3090054794	0.2611410366	1.2028517541	7270000	1800000000000	59000000000000000000000000000000
B2111+46	J2113+4644	0.2548236181	0.2534703003	1.0146847932	22500000	862000000000	27000000000000000000000000000000
B2154+40	J2157+4017	0.2472754266	0.2437617166	1.525265634	7040000	2320000000000	38000000000000000000000000000000
B2303+30	J2305+3100	0.2236862384	0.2182308633	1.5758863384	8630000	2160000000000	29000000000000000000000000000000
B2306+55	J2308+5547	0.171284774	0.168684805	0.4750676748	37700000	312000000000	73000000000000000000000000000000
B2310+42	J2313+4253	0.1101762287	0.1097944721	0.3494336821	49300000	201000000000	100000000000000000000000000000000
B2319+60	J2321+6024	0.2381363796	0.2376497538	2.2564884268	5080000	4030000000000	24000000000000000000000000000000
B2334+61	J2337+6151	0.7045032336	0.7099078884	0.495369868	40600	9910000000000	63000000000000000000000000000000000
B2351+61	J2354+6155	0.1128416812	0.1126642923	0.9447838867	920000	3970000000000	760000000000000000000000000000000
J0215+6218	J0215+6218	0.1679252988	0.1645018571	0.5488798192	13100000	610000000000	160000000000000000000000000000000
J0437-4715	J0437-4715	0.108849749	0.1067382773	0.0057574519	1590000000	581000000	12000000000000000000000000000000000
J0538+2817	J0538+2817	0.729625162	0.7268357361	0.1431582589	618000	733000000000	49000000000000000000000000000000000

