0.964    7.8
0.926       
0.978   40.0
0.990   71.1
0.803   41.9
0.884   22.0
0.939   12.1
0.973       
0.887       
0.978    6.5
0.945   31.5
0.964   20.6
0.989   27.1
0.992   19.7
0.990   16.7
0.890       
0.796   14.0
0.894    9.2
0.996    7.9
0.918   29.3
0.899   47.5
0.895       
0.971   43.2
0.888   28.8
0.983   46.3
0.997   69.8
0.736   21.7
0.998   24.5
0.999   44.8
0.987   82.6
0.973       
0.985       
0.939       
0.986   49.7
0.984   70.5
0.966       
0.917   10.0
0.946   78.9
0.886   72.1
0.896   19.6
0.961   80.6
0.972   81.4
0.992   11.9
0.997   20.8
0.963   17.9
0.941   23.2
0.934       
0.933       
0.875       
0.965       
0.907       
0.833   89.6
0.949   90.0
0.886       
0.968       
0.900   24.8
0.796       
0.953   48.0
0.997    8.9
0.956       
0.989       
0.755   51.1
0.862   53.3
0.970   24.0
0.849       
0.949   51.1
0.997   73.5
0.836       
0.872   32.7
0.929   93.5
0.776   90.0
0.914   90.0
0.840   87.4
0.889   19.3
0.993   45.2
0.977       
0.850       
0.779   34.9
0.832   52.2
0.912       
0.975   37.9
0.934   31.4
0.894   39.0
0.926   20.7
0.984   10.5
0.994    6.1
0.942   71.6
0.961   61.1
0.986       
0.974       
0.894   70.6
0.891   52.6
0.953   11.7
0.947   33.3
0.835   24.9
0.716       
0.924       
0.916   92.2
0.945   63.5
0.951       
0.849   15.9
0.872   18.6
0.854   20.5
0.847       
0.868    7.1
0.936   11.6
0.976       
0.898   66.8
0.949   80.3
0.920   67.8
0.868   59.3
0.946   47.4
0.940       
0.861       
0.726   83.6
0.853   39.5
0.779   91.3
0.875   38.1
0.873   79.1
0.986   77.0
0.916   22.2
0.857   71.8
0.801   18.4
0.955   10.4
0.970       
0.977       
0.902       
0.945   45.4
0.935   77.7
0.989   76.8
0.877   26.4
0.839       
0.984   36.8
0.985   13.1
0.949       
0.973       
0.956   11.4
0.901   14.2
0.970   53.7
0.787   36.8
0.959   16.5
0.990   34.6
0.970       
0.992   21.1
0.921       
0.940   28.6
0.975       
0.904       
0.704       
0.980       
0.811   20.4
0.967   27.4
0.909       
0.909   27.4
0.967   27.1
0.922       
0.921       
0.945       
0.930       
0.994   56.7
0.806   69.9
0.944   69.5
0.937   63.4
0.897       
0.975   24.3
0.954   31.5
0.952   15.2
0.950   29.3
0.973   24.0
0.967       
0.996   18.9
0.989   32.8
0.967   23.0
0.657       
0.897       
0.736       
0.964   21.5
0.964   13.9
0.955       
0.975   80.2
0.904   52.5
0.943   23.6
0.989   24.8
0.962   34.9
0.991   22.8
0.895   57.6
0.961   56.4
0.993   64.3
0.998   70.5
0.837       
0.995       
0.877       
0.938   47.8
0.896   21.9
0.954   15.3
0.926   39.4
0.935   26.2
0.992       
0.926       
0.945   18.2
0.987       
0.870   74.1
0.810   70.1
0.965       
0.889   58.5
0.970   54.8
0.958   24.6
0.871   31.0
0.941   24.0
0.990   26.5
0.981    8.0
0.989   10.5
0.982   21.0
0.979       
0.911   24.2
0.992       
0.973    7.0
0.777   54.4
0.975   64.2
0.871       
0.939   81.9
0.949   64.0
0.945       
0.976       
0.952   26.6
0.883   45.6
0.855   57.2
0.818       
0.989   24.3
0.915       
0.836       
0.875   10.6
0.970       
0.929   60.4
0.844   70.9
0.971   10.3
0.901   43.9
0.955   19.7
0.925       
0.817       
0.915   31.1
0.932   25.9
0.971   22.6
0.936   30.0
0.957       
0.977   33.4
0.849       
0.701   59.9
0.941   50.9
0.933       
0.799       
0.977   13.0
0.951   25.0
0.974       
0.829       
0.975   23.0
0.983   16.5
0.974   13.8
0.831       
0.968    9.7
0.935   37.6
0.857   14.8
0.821   17.2
0.886       
0.981   32.4
0.884   34.2
0.980       
0.835   13.3
0.922   11.8
0.817       
0.820       
0.948   15.5
0.910   75.8
0.916   55.0
0.801       
0.980   63.6
0.843       
0.971       
0.835       
0.816       
0.822   26.2
0.895       
0.900       
0.948   39.7
0.931   22.9
0.933   11.0
0.989   25.8
0.967   63.3
0.994   72.7
0.828       
0.925   69.2
0.966   48.7
0.837   64.8
0.928   47.1
0.971   51.4
0.913   43.7
0.984       
0.916       
0.867   18.4
0.961       
0.944   11.8
0.980   43.0
0.910       
0.979       
0.965   32.6
0.911   27.6
0.965   73.1
0.947   45.8
0.838       
0.891       
0.966       
0.991   14.4
0.977   65.9
0.946   64.2
0.935   38.2
0.920       
0.930   40.9
0.933   37.7
0.860   29.3
0.967       
0.928   18.2
0.945   27.1
0.901   28.4
0.977   20.4
0.974   76.1
0.930   43.7
0.943       
0.986   73.7
0.987   67.9
0.932   15.4
0.980   37.8
0.938   88.1
0.984   39.4
0.987   70.0
0.736   75.8
0.785   60.9
0.879   15.0
0.994   86.0
0.996   82.6
0.838       
0.957       
0.986       
0.855   55.5
0.791   56.3
0.853       
0.933       
0.902       
0.855   77.5
0.823   66.6
0.962       
0.941   32.3
0.866    6.9
0.818   14.8
0.969   31.5
0.665       
0.987   42.4
0.925   52.7
0.967   32.2
0.991   42.3
0.926   36.5
0.890       
0.986   65.3
0.876   43.2
0.932   13.8
0.885   15.3
0.963   17.4
0.791   60.2
0.835   64.5
0.850   48.5
0.814       
0.943       
0.777       
0.933   49.0
0.943   40.0
0.992   20.0
0.782       
0.939   46.0
0.986   16.2
0.929   38.9
0.977       
0.891       
0.982       
0.975   19.5
0.873   48.9
0.979   61.0
0.956   75.8
0.996   78.8
0.970   21.1
0.994   17.2
0.941       
0.983   14.4
0.927   42.6
0.897   43.7
0.977   22.7
0.714   14.5
0.693       
0.835       
0.904       
0.871   14.1
0.960   18.4
0.929       
0.915   40.5
0.965   34.8
0.964    8.3
0.760   10.2
0.911   51.2
0.984   62.9
0.955   31.5
0.855   67.8
0.940   51.8
0.973   38.2
0.843   15.0
0.959       
0.899       
0.956   17.4
0.817   20.6
0.920       
0.846   75.3
0.850   69.4
0.919       
0.886       
0.929       
0.964       
0.948   76.7
0.924   64.3
0.955       
0.897   11.9
0.920       
0.985       
0.751       
0.929   13.8
0.561       
0.818       
0.992   19.8
0.938   22.2
0.994   17.4
0.958   55.9
0.948   54.5
0.815   67.9
0.854   71.9
0.891       
0.971       
0.991   50.4
0.955   52.9
0.796   60.0
0.850       
0.986   65.6
0.990   80.1
0.780   49.3
0.860   61.3
0.946   12.3
0.936   20.1
0.874   34.4
0.966    6.5
0.991       
0.832   14.7
0.811       
0.809       
0.920       
0.966       
0.975   47.6
0.993   51.7
0.885   17.0
0.976       
0.984       
0.941       
0.986   77.3
0.837   33.2
0.978   21.1
0.926       
0.931   28.7
0.818       
0.942       
0.931       
0.942       
0.931       
0.887       
0.980   83.0
0.983   47.8
0.994   58.9
0.917       
0.966       
0.836       
0.958       
0.826       
0.873       
0.982   34.7
0.911       
0.985       
0.879       
0.957   44.4
0.870       
0.966   35.1
0.982   43.6
0.810       
0.932   13.3
0.969   14.9
0.864   19.3
0.912   15.2
0.934   31.7
0.858   17.7
0.925       
0.940   26.7
0.969       
0.952   79.0
0.833   70.6
0.862       
0.952   28.4
0.933       
0.983   23.9
0.821       
0.927   19.3
0.959   27.0
0.823       
0.958       
0.966       
0.904       
0.938       
0.949       
0.983       
0.989   37.0
0.915       
0.833   37.5
0.974    8.5
0.957       
0.985       
0.964   33.7

