##Full  PSR        n lambda   Tobs  Mult   S/N  Scat   W50    W10  Ncomp    Sym    Lpol   e     Vpol   e  
##                       cm     s                      deg    deg                                         
    1  J0034-0721       20     959 S       217 N      12.4   34.5     2   0.964    7.8   0.8    3.4   0.5
    2  J0051+0423       20    3838 D        32 N      31.1   42.3         0.926                          
    3  J0108-1431       10    6565 S        54 N      10.5   26.3         0.978   40.0   3.9             
    4  J0108-1431       20   19731 S       186 N      12.2   28.5     2   0.990   71.1   1.1   13.7   0.8
    5  J0134-2937       20     960 D       238 N       5.6   18.2     4   0.803   41.9   0.8  -21.1   0.5
    6  J0151-0635       20     959 D        51 N      29.3   39.0         0.884   22.0   2.5             
    7  J0152-1637       20     958 D       506 N       6.8    9.8     3   0.939   12.1   0.3   -2.0   0.2
    8  J0206-4028       20     960 D        52 N       3.5   10.1         0.973                 6.9   2.2
    9  J0211-8159       20    1918 S        18 N      20.6   37.6         0.887                          
   10  J0255-5304       20     960 D       157 N       6.3    8.7     2   0.978    6.5   0.9   -6.3   0.5
   11  J0304+1932       20     959 D       298 N      11.3   15.8     2   0.945   31.5   0.5   13.0   0.4
   12  J0401-7608       10    5455 D       122 N      12.9   17.9     2   0.964   20.6   1.3             
   13  J0401-7608       20    7582 M       383 N      13.8   18.0     2   0.989   27.1   0.4             
   14  J0448-2749       20     960 S        58 N       9.2   16.7         0.992   19.7   3.6  -14.3   2.6
   15  J0450-1248       20     960 D        50 N      20.5   30.0         0.990   16.7   3.5             
   16  J0459-0210       20     958 D        38 N       3.4   13.2         0.890                -9.4   3.1
   17  J0520-2553       20     960 D        51 N      15.1   19.6         0.796   14.0   3.3             
   18  J0525+1115       20     959 M       103 N      14.4   17.6     3   0.894    9.2   1.7    6.8   1.2
   19  J0533+0402       20    1918 S        81 N       5.5   10.1         0.996    7.9   2.4             
   20  J0536-7543       10    3567 M       118 N      16.6   25.3     3   0.918   29.3   1.4  -23.2   1.0
   21  J0536-7543       20   10775 M      1557 N      17.0   27.0     4   0.899   47.5   0.1  -11.1   0.1
   22  J0540-7125       20    1916 M        29 N       9.6   15.9         0.895                          
   23  J0543+2329       20     809 D       194 N       7.8   23.3     2   0.971   43.2   1.0   -8.9   0.7
   24  J0601-0527       20     960 D       138 N      16.1   21.8     2   0.888   28.8   1.1    2.9   0.8
   25  J0614+2229       10     180 S        47 N       8.0   14.6         0.983   46.3   3.8   16.8   2.8
   26  J0614+2229       20     807 S       197 N       7.4   13.5     1   0.997   69.8   0.9   18.5   0.6
   27  J0624-0424       20     899 M       167 N       2.0   21.9     4   0.736   21.7   0.8    6.4   0.6
   28  J0630-2834       10    2396 S       297 N      16.3   30.5     3   0.998   24.5   0.6   -4.2   0.4
   29  J0630-2834       20    5776 S       871 N      18.4   34.9     3   0.999   44.8   0.2   -3.3   0.1
   30  J0631+1036       20    1919 M        78 N       8.2   24.4         0.987   82.6   2.2             
   31  J0636-4549       20    1917 S        20 N       3.2    5.9         0.973                          
   32  J0656-2228       20     900 S        50 N       4.7    8.7         0.985                          
   33  J0656-5449       20     960 S        30 N      10.9   20.0         0.939               -17.9   5.3
   34  J0659+1414       10     179 S        87 N      14.8   32.1         0.986   49.7   2.3  -14.5   1.7
   35  J0659+1414       20     717 S       111 N      13.9   30.3     1   0.984   70.5   1.7  -15.0   1.2
   36  J0709-5923       20     959 S        26 N       4.1    7.5         0.966                          
   37  J0719-2545       20     959 S        62 N       6.2   11.3         0.917   10.0   2.9   13.6   2.1
   38  J0729-1448       10    1779 D        34 N      20.0   28.0         0.946   78.9   5.4             
   39  J0729-1448       20    5146 D        94 N      10.7   26.7         0.886   72.1   1.9   16.6   1.2
   40  J0729-1836       20     960 D        88 N       9.8   18.5         0.896   19.6   2.1   -6.1   1.5
   41  J0742-2822       10     430 M       448 N       9.9   16.0     3   0.961   80.6   0.4   -4.2   0.3
   42  J0742-2822       20    3296 M      2463 N       9.9   15.9     3   0.972   81.4   0.1   -1.7   0.0
   43  J0745-5353       10    2079 S        96 N      17.7   32.4         0.992   11.9   1.8             
   44  J0745-5353       20   10012 S       476 N      18.2   33.6     2   0.997   20.8   0.4    3.6   0.3
   45  J0749-4247       20     959 S        44 N       4.8    8.8         0.963   17.9   4.1             
   46  J0820-3921       20    1920 S        26 N      24.2   44.4         0.941   23.2   6.2   15.5   4.2
   47  J0821-3824       20    1079 S        30 N      17.1   31.2         0.934                          
   48  J0821-4221       20     960 D        43 N      13.8   22.5         0.933                          
   49  J0834-4159       10    3580 S        15 N      10.8   20.3         0.875                          
   50  J0834-4159       20   15737 S        59 N      13.3   23.4         0.965               -11.7   2.3
   51  J0834-4159 I     20   15737 S        17 N      15.5   28.4         0.907                          
   52  J0835-4510       10     820 D      9275 N       6.4   17.2     4   0.833   89.6   0.0  -17.5   0.0
   53  J0835-4510       20    6496 D     26906 N       6.0   14.3     3   0.949   90.0   0.0   -6.0   0.0
   54  J0838-2621       20    1919 D        31 N      10.0   35.2         0.886                          
   55  J0843-5022       20     960 S        36 N      10.2   18.7         0.968                          
   56  J0849-6322       20    1919 D        68 N       6.5   22.7         0.900   24.8   2.6   -9.1   1.7
   57  J0855-4644       10    3560 S        12 N      38.0   70.1         0.796                          
   58  J0855-4644       20   29519 S        49 N      35.5   65.4         0.953   48.0   3.8             
   59  J0856-6137       20     959 S        94 N       7.6   13.8         0.997    8.9   1.9    5.3   1.4
   60  J0857-4424       10     669 S        19 N       9.6   17.5         0.956                          
   61  J0857-4424       20    3493 S       110 N      11.0   18.8     2   0.989                          
   62  J0901-4624       10    1389 M        24 N       3.1   18.2         0.755   51.1   6.7  -44.1   4.6
   63  J0901-4624       20    4242 M        48 N       3.2   26.9         0.862   53.3   3.8  -35.5   2.7
   64  J0902-6325       20     959 S       110 N       9.5   16.3     2   0.970   24.0   1.8    7.3   1.2
   65  J0905-4536       20     960 S        28 N      54.1   86.0         0.849                          
   66  J0905-5127       10    2309 D        19 N       9.7   13.9         0.949   51.1   9.5   23.1   6.7
   67  J0905-5127       20    3043 D       137 N       9.0   12.3     2   0.997   73.5   1.2   11.0   0.8
   68  J0905-5127 I     20    3043 S        14 N       3.8    7.0         0.836                          
   69  J0907-5157       20     960 M       396 N      18.2   33.6     3   0.872   32.7   0.4    3.8   0.3
   70  J0908-4913       10     460 D       497 N       3.0   10.9     2   0.929   93.5   0.3   -4.4   0.3
   71  J0908-4913 I     10     460 D       131 N      13.8   16.4     2   0.776   90.0   1.3             
   72  J0908-4913       20    9638 D      1841 N       3.6   11.7     2   0.914   90.0   0.1    4.1   0.1
   73  J0908-4913 I     20    9638 D       460 N      13.3   17.1     2   0.840   87.4   0.3   -1.3   0.2
   74  J0924-5302       20     959 D        95 N       6.1   11.1         0.889   19.3   1.9             
   75  J0924-5814       20     959 S       117 N      22.4   41.1     1   0.993   45.2   1.7             
   76  J0932-3217       20     958 S        44 N       2.9    5.4         0.977                          
   77  J0934-4154       20     959 S        23 N       6.8   15.9         0.850                          
   78  J0940-5428       10     940 D        15 N      15.1   42.1         0.779   34.9  10.9             
   79  J0940-5428       20    4358 D        58 N      12.2   38.5         0.832   52.2   2.8             
   80  J0941-5244       20     960 D        36 N       9.4   13.9         0.912                          
   81  J0942-5657       20     959 D       186 N       2.4    6.0     2   0.975   37.9   0.8   10.1   0.6
   82  J0954-5430       10    1419 D        62 N       2.5   10.2         0.934   31.4   2.7    8.2   2.0
   83  J0954-5430       20    3003 D        65 N       3.4   13.4         0.894   39.0   2.7   15.6   1.8
   84  J1003-4747       10     940 S        24 N      10.8   19.7         0.926   20.7   6.7             
   85  J1003-4747       20    2985 D       125 N       7.8   21.4     2   0.984   10.5   1.3    2.6   0.9
   86  J1012-5857       20     959 S       107 N       3.3    9.1     2   0.994    6.1   1.6    5.4   1.2
   87  J1015-5719       10     700 D        77 N      76.4  115.7         0.942   71.6   2.9  -12.7   2.0
   88  J1015-5719       20    2317 M        93 N     113.7  150.6         0.961   61.1   1.8  -13.5   1.3
   89  J1016-5345       20     960 S        34 N       3.8    6.9         0.986                          
   90  J1016-5819       20    9758 S        49 N      12.4   22.7         0.974                          
   91  J1016-5857       10     460 S        26 N       7.4   13.6         0.894   70.6   7.9             
   92  J1016-5857       20    2468 D        59 N      11.0   39.6         0.891   52.6   2.9   11.4   2.1
   93  J1017-5621       20     960 S        81 N       2.7    9.9         0.953   11.7   1.3  -16.6   0.9
   94  J1019-5749       10     820 S       132 N      12.9   31.2     2   0.947   33.3   1.5             
   95  J1019-5749       20    4237 S        69 Y     102.7  226.3         0.835   24.9   1.4             
   96  J1020-6026       10    1800 S        12 N      30.1   55.1         0.716                          
   97  J1020-6026       20    8099 S        28 N      45.3   83.8         0.924                          
   98  J1028-5819       10     960 D        49 N       0.8    2.5         0.916   92.2   3.3             
   99  J1028-5819       20    3179 D        33 N       0.8    2.5         0.945   63.5   5.5             
  100  J1032-5911       20     960 S        39 N      14.8   27.1         0.951                          
  101  J1034-3224       20     958 M       133 N      79.1   95.0     5   0.849   15.9   1.5    5.2   1.0
  102  J1036-4926       20     960 D        52 N       3.3   12.3         0.872   18.6   3.6             
  103  J1038-5831       20     959 D        46 N       3.1   11.8         0.854   20.5   3.5             
  104  J1043-6116       10     820 M        58 N       2.6   14.2         0.847               -13.4   2.2
  105  J1043-6116       20    2405 M       166 N       5.7   13.4     2   0.868    7.1   1.0   -7.8   0.7
  106  J1046-5813       20     959 D        99 N       8.7   12.2         0.936   11.6   1.6             
  107  J1047-3032       20     960 S        37 N      26.3   48.1         0.976                          
  108  J1047-6709       20     960 S       129 N       3.9   19.2     3   0.898   66.8   1.4  -13.4   1.0
  109  J1048-5832       10     580 M       374 N       5.3   21.5     4   0.949   80.3   0.4   10.0   0.3
  110  J1048-5832       20    3727 M       825 N      15.5   26.4     3   0.920   67.8   0.2    7.6   0.1
  111  J1052-5954       10    3579 S        15 N       6.4   11.6         0.868   59.3  11.0             
  112  J1052-5954       20   19596 S        26 N      10.8   19.8         0.946   47.4   6.0             
  113  J1055-6028       10    1440 S        18 N      13.2   24.2         0.940                          
  114  J1055-6028       20    2669 S        17 N      16.7   30.4         0.861                          
  115  J1057-5226       10     820 M        50 N      23.3   34.9         0.726   83.6   3.5             
  116  J1057-5226 I     10     820 M        46 N      12.9   34.6         0.853   39.5   4.7             
  117  J1057-5226       20   20195 M       359 N      24.1   33.2     4   0.779   91.3   0.5    6.3   0.3
  118  J1057-5226 I     20   20195 M       325 N      15.0   44.0     2   0.875   38.1   0.6             
  119  J1105-6107       10    1780 D        41 N      16.0   21.0         0.873   79.1   3.9   14.7   2.8
  120  J1105-6107       20    5409 D        94 N      17.8   22.5         0.986   77.0   1.7    8.1   1.3
  121  J1110-5637       20     960 D        92 N      13.5   17.3         0.916   22.2   1.2   -7.5   0.8
  122  J1112-6103       10     580 D        67 N      19.6   28.2         0.857   71.8   2.7             
  123  J1112-6103       20    3669 S        78 Y      36.5  132.5         0.801   18.4   2.2             
  124  J1112-6613       20     960 D        93 N      15.3   22.4         0.955   10.4   1.8    8.5   1.3
  125  J1112-6926       20     959 D        64 N      11.3   16.4         0.970                          
  126  J1114-6100       20     959 S       141 N      11.8   21.0     2   0.977                          
  127  J1115-6052       10     879 S        22 N       6.7   12.2         0.902                          
  128  J1115-6052       20    2995 S        48 N       6.1   11.2         0.945   45.4   4.4             
  129  J1119-6127       10    1149 S        32 N      19.3   35.3         0.935   77.7   5.4  -13.0   3.6
  130  J1119-6127       20   14667 S       101 N      20.0   46.0     2   0.989   76.8   1.7   12.0   1.1
  131  J1123-4844       20     960 D       162 N      12.6   19.5     2   0.877   26.4   1.1   27.5   0.8
  132  J1123-6259       10    1300 S         9 N       7.8   14.3         0.839                          
  133  J1123-6259       20    4956 S        71 N       9.0   16.3         0.984   36.8   2.8             
  134  J1126-6054       20     960 S        89 N       7.9   14.5         0.985   13.1   2.3    7.7   1.7
  135  J1126-6054 I     20     960 S         7 N       3.2    6.0         0.949                          
  136  J1126-6942       20     899 S        22 N       7.3   13.4         0.973                          
  137  J1133-6250       20     958 M       137 N      91.8  113.0     3   0.956   11.4   1.5    3.5   1.0
  138  J1137-6700       20    1918 D        50 N      56.3   83.3         0.901   14.2   2.9             
  139  J1138-6207       10     700 S        31 N       6.3   11.4         0.970   53.7   6.9   39.1   5.2
  140  J1138-6207       20    4588 S        42 Y      20.8   73.4         0.787   36.8   4.4   27.4   2.9
  141  J1141-3107       20     960 D        50 N      13.7   19.1         0.959   16.5   3.4    9.8   2.4
  142  J1141-3322       20    1919 M       144 N      13.8   26.1     3   0.990   34.6   1.1  -12.5   0.7
  143  J1143-5158       20     959 S        26 N       5.0    9.1         0.970                          
  144  J1146-6030       20     960 M       155 N      14.5   18.4     3   0.992   21.1   1.0    3.6   0.8
  145  J1156-5707       10    1109 S        15 N       4.1    7.4         0.921                          
  146  J1156-5707       20    5045 D        42 N       3.8   15.9         0.940   28.6   4.6             
  147  J1204-6843       20     960 D        37 N       9.5   13.4         0.975               -11.9   3.1
  148  J1215-5328       20     959 D        22 N      20.6   28.3         0.904                          
  149  J1216-6223       10    2079 S         8 N      15.6   28.5         0.704                          
  150  J1216-6223       20   12543 S        36 N      11.5   21.1         0.980                20.2   3.7
  151  J1224-6407       10     579 D       290 N       9.3   13.8     3   0.811   20.4   0.6   16.3   0.4
  152  J1224-6407       20    2766 D       947 N       9.4   14.0     2   0.967   27.4   0.2   26.0   0.1
  153  J1225-5556       20     958 D        22 N       7.0   10.6         0.909                          
  154  J1225-6408       20     960 D        95 N       4.8   19.2         0.909   27.4   1.8             
  155  J1231-4609       20     960 D        86 N      17.6   24.9         0.967   27.1   1.9  -22.1   1.4
  156  J1236-5033       20     960 S        28 N      14.9   27.2         0.922               -13.4   4.3
  157  J1240-4124       20     959 S        37 N       3.9    7.1         0.921                          
  158  J1244-5053       20    1919 S        19 N       7.4   13.6         0.945                          
  159  J1248-6344       20   13087 S        24 N      23.2   42.4         0.930                          
  160  J1253-5820       20     960 S       198 N       5.5   16.7     2   0.994   56.7   0.9    7.0   0.6
  161  J1301-6305       10    1740 S        17 N      37.6   69.3         0.806   69.9  11.5             
  162  J1301-6305       20   13418 S        44 N      47.3   87.7         0.944   69.5   4.6  -15.5   3.5
  163  J1302-6350       20    5189 D       131 N     176.9  211.6     5   0.937   63.4   1.4   19.4   0.9
  164  J1305-6203       10     939 S        20 N      10.7   19.5         0.897                          
  165  J1305-6203       20    3545 S        57 N      12.6   22.9         0.975   24.3   3.2             
  166  J1305-6455       20     959 S        91 N      10.2   32.3         0.954   31.5   4.7   14.8   3.5
  167  J1306-6617       20     959 D       189 N      15.7   41.3     2   0.952   15.2   0.9    7.9   0.7
  168  J1319-6056       20     960 D        86 N       6.0   14.8         0.950   29.3   2.0   -8.6   1.4
  169  J1320-3512       20     960 S       191 N       7.7   23.0     2   0.973   24.0   0.9   12.6   0.6
  170  J1320-5359       10     459 S        35 N      11.0   20.0         0.967                          
  171  J1320-5359       20    2165 S       182 N      10.2   18.7     1   0.996   18.9   1.0   -5.9   0.7
  172  J1326-5859       20     959 D       361 Y       4.5   16.2     3   0.989   32.8   0.2    4.8   0.1
  173  J1327-6301       20    1920 D       214 N       9.1   41.5     3   0.967   23.0   1.1             
  174  J1327-6400       10    2499 S         9 N      11.1   20.3         0.657                          
  175  J1327-6400       20    7386 S        24 N      18.4   33.6         0.897                          
  176  J1333-4449       20     960 D        14 N       1.9   10.0         0.736                          
  177  J1338-6204       20     959 D       188 Y      26.9   42.3     2   0.964   21.5   1.0    9.1   0.7
  178  J1339-4712       20     960 S        54 N       4.9    9.0         0.964   13.9   3.2  -26.0   2.3
  179  J1340-6456       20     960 S        43 N      12.8   23.3         0.955               -16.9   3.6
  180  J1341-6220       10     460 S        89 N       4.2   13.8         0.975   80.2   2.1  -11.8   1.6
  181  J1341-6220       20    2587 S       120 Y      14.2   39.2     2   0.904   52.5   1.5  -15.4   1.1
  182  J1349-6130       10     460 S        27 N       5.9   10.8         0.943   23.6   6.8             
  183  J1349-6130       20    2435 S        62 N       7.4   13.5         0.989   24.8   2.7             
  184  J1352-6803       20     960 S        66 N      15.3   23.6         0.962   34.9   2.9  -10.0   2.2
  185  J1356-5521       20    1919 S        91 N      12.8   23.4         0.991   22.8   2.1             
  186  J1357-6429       10    1749 S        16 N      31.6   58.1         0.895   57.6  12.1  -31.0   8.3
  187  J1357-6429       20    6847 S        45 N      36.9   68.0         0.961   56.4   3.8  -11.4   2.8
  188  J1359-6038       10     460 S       153 N       8.5   14.3     1   0.993   64.3   1.2   17.8   0.9
  189  J1359-6038       20    3548 S      1068 N       7.2   14.0     2   0.998   70.5   0.2   17.8   0.1
  190  J1403-7646       20     899 D        31 N      26.9   40.5         0.837                          
  191  J1406-6121       10    1420 S        45 N       3.8    7.1         0.995               -65.9   2.3
  192  J1406-6121       20    7866 S        30 Y      15.3   46.0         0.877               -42.3   3.8
  193  J1410-6132       10    2580 S       202 N      12.7   27.4     3   0.938   47.8   1.0             
  194  J1410-6132       20    9149 S        53 Y     131.0  233.5         0.896   21.9   1.8             
  195  J1410-7404       20     960 S        89 N       1.6    4.3         0.954   15.3   1.8   44.2   0.9
  196  J1412-6145       10     699 S        17 N       7.7   14.1         0.926   39.4   9.9             
  197  J1412-6145       20    3664 S        41 N      12.5   22.8         0.935   26.2   4.2   17.5   3.1
  198  J1413-6141       10     939 S        60 N       3.6    6.5         0.992                          
  199  J1413-6141       20   10832 S        63 Y      17.2   51.2         0.926                          
  200  J1413-6307       20     960 S        77 N       3.0    7.2         0.945   18.2   2.2    5.3   1.4
  201  J1415-6621       20     960 S        36 N       7.1   12.9         0.987                          
  202  J1420-6048       10    1240 D        64 N      39.9   51.2         0.870   74.1   2.9  -24.2   2.2
  203  J1420-6048       20    6909 D        81 N      45.1   63.2         0.810   70.1   1.9  -18.8   1.3
  204  J1427-4158       20    1919 D        31 N      10.1   15.3         0.965                          
  205  J1452-5851       10    1689 S        15 N      10.4   18.9         0.889   58.5  11.1  -31.8   8.8
  206  J1452-5851       20    6604 S        42 N       9.5   17.4         0.970   54.8   4.0  -25.0   3.0
  207  J1452-6036       10     690 D        95 N       2.0    3.6         0.958   24.6   3.5             
  208  J1452-6036       20    2108 D       116 N       3.8   31.2     4   0.871   31.0   1.7   -6.9   1.2
  209  J1453-6413       10     460 S       153 N       9.4   19.8     3   0.941   24.0   1.2   -2.9   0.8
  210  J1453-6413       20    2167 M      1159 N       6.4   16.4     4   0.990   26.5   0.2    6.6   0.1
  211  J1456-6843       10     599 S       350 N      15.1   32.1     2   0.981    8.0   0.5             
  212  J1456-6843       20    3567 M      2127 N      17.8   34.5     3   0.989   10.5   0.1    4.7   0.1
  213  J1507-4352       20     960 S        59 N       5.9   10.7         0.982   21.0   2.9   -7.8   1.9
  214  J1507-6640       20     960 S        58 N       3.2    5.9         0.979                 8.6   2.0
  215  J1509-5850       20   11289 S        23 N      18.8   34.4         0.911   24.2   8.0             
  216  J1512-5759       10     540 S        77 N      12.1   22.1         0.992                          
  217  J1512-5759       20    2228 S       440 N      13.8   28.5     2   0.973    7.0   0.4             
  218  J1513-5908       10    1710 S        20 N      62.4  117.5         0.777   54.4   9.0             
  219  J1513-5908       20    5317 S        62 N      36.0   66.4         0.975   64.2   2.7  -18.6   1.9
  220  J1514-4834       20     419 D        66 N       6.2   10.5         0.871                -6.6   1.9
  221  J1514-5925       10    2129 S        30 N       2.6    5.2         0.939   81.9   5.5             
  222  J1514-5925       20    8588 S        34 N      11.0   20.2         0.949   64.0   5.3             
  223  J1515-5720       20    6756 D        31 N      10.1   18.9         0.945                          
  224  J1517-4356       20     959 S        35 N       6.2   11.4         0.976                          
  225  J1522-5829       20     960 S       232 N      12.9   24.0     2   0.952   26.6   0.7    3.2   0.5
  226  J1524-5625       10    1560 D        36 N      45.6   69.0         0.883   45.6   5.0             
  227  J1524-5625       20    4869 D        71 N      17.1   69.3         0.855   57.2   2.3             
  228  J1524-5706       10     497 S        10 N       9.5   17.3         0.818                          
  229  J1524-5706       20    1924 S        38 N       5.2    9.6         0.989   24.3   5.0   11.4   3.1
  230  J1528-4109       20     359 S        24 N       5.7   10.4         0.915                          
  231  J1530-5327       10     689 D        31 N       5.2   14.8         0.836               -12.7   3.8
  232  J1530-5327       20    2135 D        69 N      10.7   16.1         0.875   10.6   2.4    6.1   1.7
  233  J1531-4012       20     959 S        27 N       7.8   14.3         0.970               -22.5   4.9
  234  J1531-5610       10     600 D        37 N      22.9   30.1         0.929   60.4   4.8   20.5   3.3
  235  J1531-5610       20    4588 D        63 N      22.7   31.5         0.844   70.9   2.4   21.3   1.7
  236  J1534-5405       20     960 D        60 N       5.9   25.0         0.971   10.3   3.1    6.6   2.2
  237  J1535-4114       20     959 D       141 N      12.7   18.3     2   0.901   43.9   1.1    7.2   0.7
  238  J1536-3602       20     958 M        90 N      22.5   27.5         0.955   19.7   2.0   -4.4   1.4
  239  J1538-5551       10    2120 S        19 N       3.4    6.3         0.925                          
  240  J1538-5551       20    9578 S        33 Y      16.5   62.9         0.817                17.0   3.8
  241  J1539-5626       10     459 D       127 N      11.3   21.9     2   0.915   31.1   1.4             
  242  J1539-5626       20    1956 D       313 N      11.7   23.9     2   0.932   25.9   0.6    4.4   0.4
  243  J1541-5535       10    1179 S        23 N       4.4    8.0         0.971   22.6   7.5   20.8   5.2
  244  J1541-5535       20    4985 S        30 N       7.7   14.1         0.936   30.0   5.4             
  245  J1542-5034       20     959 S        26 N       3.6    6.6         0.957                          
  246  J1543-5459       10     749 S        26 N       3.2    5.9         0.977   33.4   7.6   33.0   5.2
  247  J1543-5459       20    2643 S        52 Y       8.8   28.1         0.849                33.6   2.7
  248  J1548-5607       10     700 D        21 N       6.2   30.4         0.701   59.9   9.7             
  249  J1548-5607       20    1987 D        78 N      11.8   32.3         0.941   50.9   2.0   13.0   1.5
  250  J1549-4848       10     630 S        25 N       9.2   16.8         0.933                          
  251  J1549-4848 I     10     630 S        10 N       8.9   16.3         0.799                          
  252  J1549-4848       20    7715 S       100 N       9.0   13.7     1   0.977   13.0   1.8             
  253  J1549-4848 I     20    7715 S        38 N      10.1   18.4         0.951   25.0   5.1             
  254  J1551-5310       10     969 S        26 N       6.7   12.5         0.974                22.7   6.1
  255  J1551-5310       20    4533 S        44 Y      24.8   75.3         0.829                14.1   3.0
  256  J1557-4258       20     960 M       116 N       4.6   19.0     2   0.975   23.0   1.4  -12.3   0.9
  257  J1600-5044       10     460 D       331 N       6.3    9.2     3   0.983   16.5   0.5   22.6   0.4
  258  J1600-5044       20    1867 S      1150 Y       8.3   16.7     3   0.974   13.8   0.2   27.4   0.1
  259  J1600-5751       10     610 S        19 N      32.9   60.6         0.831                          
  260  J1600-5751       20    2197 M       118 N      18.7   44.3     3   0.968    9.7   1.3    4.3   0.9
  261  J1601-5335       20    5226 S        24 N      10.3   18.8         0.935   37.6   7.4             
  262  J1602-5100       10    1358 D       166 N       8.6   13.1     5   0.857   14.8   1.0    5.5   0.7
  263  J1602-5100       20    2035 D       501 N       1.8   10.9     4   0.821   17.2   0.4    7.2   0.3
  264  J1603-3539       20     960 D        35 N      28.5   37.0         0.886                          
  265  J1603-5657       20     959 S        47 N       2.5    4.6         0.981   32.4   2.9   15.8   1.5
  266  J1605-5257       20     959 D       394 N      33.8   44.4     3   0.884   34.2   0.4    4.7   0.3
  267  J1609-1930       20     958 S        37 N       3.4    6.1         0.980                          
  268  J1611-5209       10     559 D        58 N       1.5    5.9         0.835   13.3   3.3             
  269  J1611-5209       20    2077 D       109 N       2.2    5.5     2   0.922   11.8   1.7    3.7   1.1
  270  J1611-5209 I     20    2077 S         0 N       7.6   13.8         0.817                          
  271  J1612-2408       20    1738 D        42 N       3.6   12.7         0.820                          
  272  J1614-3937       20    1739 D        44 N      14.4   20.0         0.948   15.5   3.5  -14.3   2.5
  273  J1614-5048       10     790 D        59 N       4.9   15.5         0.910   75.8   3.0   21.8   2.1
  274  J1614-5048       20    3425 S       162 Y      14.0   47.7     2   0.916   55.0   1.2   25.0   0.8
  275  J1615-5537       20     959 D        54 N       2.6   10.7         0.801                10.2   2.2
  276  J1617-5055       10    5880 S        33 N      11.9   21.8         0.980   63.6   4.8   31.1   3.1
  277  J1617-5055       20   33438 S        24 Y      53.3   99.4         0.843                41.5   3.5
  278  J1626-4807       10    2130 S        29 N      18.6   34.1         0.971                          
  279  J1626-4807       20   19505 S        32 Y      70.2  133.3         0.835                          
  280  J1627-4706       20    6239 S        19 Y      20.5   37.5         0.816                          
  281  J1630-4733       20     960 S       122 Y      49.7  134.1     3   0.822   26.2   1.6  -19.8   1.1
  282  J1632-4757       10    2440 D        33 N      14.1   17.7         0.895                          
  283  J1632-4757       20   11856 S        37 Y      30.5   55.9         0.900                          
  284  J1632-4818       10    2259 D        18 N       8.8   12.1         0.948   39.7  10.1             
  285  J1632-4818       20   10529 S        34 Y      20.0   36.6         0.931   22.9   5.0   16.1   2.9
  286  J1633-4453       20     960 S       107 Y       6.4   17.6     2   0.933   11.0   1.6             
  287  J1633-5015       20     960 S       216 N       6.7   16.9     2   0.989   25.8   0.6  -11.2   0.4
  288  J1637-4553       10     700 S        32 N       9.3   16.9         0.967   63.3   6.8             
  289  J1637-4553       20    2228 S       100 N       9.9   18.0     1   0.994   72.7   1.9             
  290  J1637-4553 I     20    2228 S        11 N      13.3   24.3         0.828                          
  291  J1637-4642       10    1120 S        34 N      26.4   48.4         0.925   69.2   6.6             
  292  J1637-4642       20    4278 S        47 N      33.6   61.8         0.966   48.7   4.4   14.1   2.8
  293  J1638-4417       10    2140 S        11 N      14.4   26.3         0.837   64.8  17.2  -40.0  12.9
  294  J1638-4417       20    6038 S        31 N      15.2   27.8         0.928   47.1   6.3             
  295  J1638-4608       10    2439 S        34 N       2.7    5.0         0.971   51.4   5.7  -13.1   4.0
  296  J1638-4608       20    5375 S        49 Y       5.7   15.7         0.913   43.7   4.2             
  297  J1638-4725       10    2697 S        63 N      12.3   22.4         0.984                          
  298  J1638-4725       20    4764 S        44 Y      31.5   57.8         0.916                          
  299  J1639-4604       20     960 S        35 N       9.7   24.2         0.867   18.4   6.1             
  300  J1640-4715       10     459 D        42 N       5.2   15.4         0.961                          
  301  J1640-4715       20    1981 S        67 Y      16.0   38.3         0.944   11.8   3.1             
  302  J1641-2347       20    1917 M       121 N      17.0   23.6     3   0.980   43.0   1.3             
  303  J1643-4505       10     420 S        18 N       8.3   15.2         0.910               -38.2   6.8
  304  J1643-4505       20    4558 S        36 N      12.3   22.4         0.979               -40.4   3.3
  305  J1646-4346       10     459 S        28 N       8.8   16.1         0.965   32.6   6.5             
  306  J1646-4346       20    2106 S        66 Y      19.8   51.7         0.911   27.6   3.1             
  307  J1648-4611       10    1110 D        38 N      15.3   19.4         0.965   73.1   4.0  -30.3   2.5
  308  J1648-4611       20    5197 S        45 N      27.9   51.2         0.947   45.8   4.3  -19.1   3.0
  309  J1649-4653       10    1168 S        15 N       6.2   11.3         0.838                          
  310  J1649-4653       20    5071 S        32 Y       8.8   21.5         0.891                          
  311  J1649-5553       20     960 S        39 N      37.8   69.7         0.966                          
  312  J1650-1654       20     959 S        69 N       9.7   13.7         0.991   14.4   2.5             
  313  J1650-4502       10     419 S        21 N       3.1    5.7         0.977   65.9   8.3   26.5   5.8
  314  J1650-4502       20    1954 S        41 Y       6.0   11.0         0.946   64.2   4.1             
  315  J1650-4921       10     600 D        37 N       5.9    8.2         0.935   38.2   4.9   31.9   3.6
  316  J1650-4921       20     959 S        22 N       6.0   10.9         0.920                19.2   5.8
  317  J1651-7642       20     958 D        47 N      15.9   22.4         0.930   40.9   4.3             
  318  J1652-1400       20     960 S        20 N      13.9   25.3         0.933   37.7   8.4  -25.9   6.1
  319  J1653-3838       20     960 D       109 N       3.7   14.8     2   0.860   29.3   1.5    4.3   1.1
  320  J1654-2713       20     959 S        22 N       6.7   12.2         0.967                          
  321  J1655-3048       20    1919 M        89 N      55.8   73.2         0.928   18.2   1.9   11.3   1.5
  322  J1700-3312       20     959 S        93 N       7.9   14.3         0.945   27.1   1.8  -13.7   1.2
  323  J1701-3726       20     957 D       236 N       6.3   15.7     2   0.901   28.4   0.7  -17.8   0.5
  324  J1701-4533       20     959 D       102 N      20.4   34.7     2   0.977   20.4   1.8    8.4   1.4
  325  J1702-4128       10    1710 S        69 N      11.2   26.9         0.974   76.1   2.5   -9.4   1.7
  326  J1702-4128       20    5497 S        73 Y      21.9   55.4         0.930   43.7   3.1             
  327  J1702-4306       20    3808 S        32 N      12.6   23.0         0.943                          
  328  J1702-4310       10     979 S        29 N      16.8   30.8         0.986   73.7   6.5             
  329  J1702-4310       20    3846 S        62 N      17.8   32.5         0.987   67.9   2.8   22.1   2.1
  330  J1703-4851       20     958 M        70 N       7.8   16.5         0.932   15.4   2.3             
  331  J1705-1906       10     569 D       120 N      11.0   16.2     2   0.980   37.8   1.4   -6.6   1.0
  332  J1705-1906 I     10     569 S        25 N       2.4    4.3         0.938   88.1   6.2             
  333  J1705-1906       20    2855 D       718 N      10.2   16.9     2   0.984   39.4   0.2  -11.7   0.2
  334  J1705-1906 I     20    2855 S       196 N       2.5    5.7     1   0.987   70.0   0.8  -16.9   0.5
  335  J1705-3950       10    1049 D        79 N      19.1   26.6         0.736   75.8   2.5  -25.1   1.7
  336  J1705-3950       20    2944 D        89 N      25.7   36.5         0.785   60.9   2.2  -22.9   1.4
  337  J1707-4053       20     959 S       177 Y      20.0   54.6     3   0.879   15.0   1.0             
  338  J1709-4429       10     450 S       192 N      19.9   38.3     2   0.994   86.0   1.3  -20.8   0.9
  339  J1709-4429       20    2318 S       511 N      20.7   44.3     3   0.996   82.6   0.4  -21.3   0.3
  340  J1713-3949       10    2069 S        12 N       2.6    4.9         0.838                          
  341  J1713-3949       20    7776 S        26 N       6.5   11.8         0.957                          
  342  J1714-1054       20     960 S        34 N       4.2    7.7         0.986                          
  343  J1715-3903       10     569 S        17 N      13.7   25.0         0.855   55.5  10.6             
  344  J1715-3903       20    2165 S        21 N      14.7   26.9         0.791   56.3   7.7             
  345  J1717-5800       20     780 S        24 N      22.5   41.2         0.853                          
  346  J1718-3718       10     419 S        15 N       4.4    8.1         0.933                          
  347  J1718-3718       20    4835 S        22 Y      17.8   32.6         0.902                          
  348  J1718-3825       10     760 M        52 N       9.1   44.4         0.855   77.5   3.9  -21.2   2.9
  349  J1718-3825       20    3219 M        48 N       8.2   55.6         0.823   66.6   3.1   -8.5   2.0
  350  J1719-4006       20     960 S        48 N      11.1   20.2         0.962                          
  351  J1721-3532       10     419 M       364 N      12.2   24.2     3   0.941   32.3   0.5   -9.6   0.3
  352  J1721-3532       20    2135 S       219 Y      34.5  105.2     4   0.866    6.9   0.9   -3.1   0.5
  353  J1722-3632       20     719 D        78 N       5.7   31.6         0.818   14.8   2.4    8.8   1.6
  354  J1722-3712       10     580 S        47 N       4.9   11.1         0.969   31.5   4.0   11.4   2.8
  355  J1722-3712 I     10     580 S         2 N       4.4    8.0         0.665                          
  356  J1722-3712       20    2136 S       177 N       5.8   12.8     2   0.987   42.4   1.0   16.4   0.7
  357  J1722-3712 I     20    2136 S        18 N       7.5   13.7         0.925   52.7  10.4             
  358  J1723-3659       10     509 S        41 N      13.8   25.1         0.967   32.2   4.6             
  359  J1723-3659       20    2316 S       117 N      13.1   30.2     2   0.991   42.3   1.7  -16.7   1.2
  360  J1726-3530       10    1827 S        26 N       2.7    5.0         0.926   36.5   7.1  -72.8   4.9
  361  J1726-3530       20    9530 S        37 Y      12.2   34.5         0.890               -70.4   3.5
  362  J1730-3350       10     700 S        95 N       5.0   12.0         0.986   65.3   2.0   -5.7   1.5
  363  J1730-3350       20    2437 S       145 Y      16.8   46.6     4   0.876   43.2   1.6             
  364  J1731-4744       10     538 M       368 N       7.9   10.7     3   0.932   13.8   0.4             
  365  J1731-4744       20    2754 M      2515 N       7.7   10.8     4   0.885   15.3   0.1    5.2   0.0
  366  J1733-2228       20     959 D       205 N      25.8   36.7     2   0.963   17.4   0.7             
  367  J1733-3716       10     629 D        95 N       4.6   51.7         0.791   60.2   1.9  -11.9   1.3
  368  J1733-3716       20    2406 D       162 N       5.4   59.9     4   0.835   64.5   1.1  -11.9   0.8
  369  J1734-3333       10    2288 D        37 N       7.7   32.4         0.850   48.5   4.6   27.6   3.4
  370  J1734-3333       20   11448 S        36 Y      43.6  153.7         0.814                18.2   3.8
  371  J1735-3258       10    2259 S        41 N       9.7   23.7         0.943                          
  372  J1735-3258       20   19293 S        34 Y      79.6  164.3         0.777                          
  373  J1737-3137       10    1059 S        21 N       7.1   13.0         0.933   49.0   8.7   35.9   6.3
  374  J1737-3137       20    5968 S        59 N      11.7   30.0         0.943   40.0   3.4   36.3   2.3
  375  J1737-3555       20     959 S        66 N       6.5   11.9         0.992   20.0   2.8             
  376  J1738-2955       10    2379 S        10 N       6.7   12.2         0.782                          
  377  J1738-2955       20   10500 S        32 N       5.7   10.4         0.939   46.0   5.7  -21.2   4.0
  378  J1739+0612       20     960 S        40 N      13.8   25.1         0.986   16.2   5.0             
  379  J1739-1313       20     959 S        86 N       2.0    3.9         0.929   38.9   1.9             
  380  J1739-2903       10     340 D        84 N       6.5    9.9         0.977                          
  381  J1739-2903 I     10     340 S        21 N       7.9   14.4         0.891                          
  382  J1739-2903       20    2255 D       219 N       7.0   11.8     2   0.982                 5.5   0.9
  383  J1739-2903 I     20    2255 S       101 N       8.0   15.3     2   0.975   19.5   1.8   -3.9   1.3
  384  J1739-3023       10    1000 S        14 N      11.2   20.4         0.873   48.9  13.9             
  385  J1739-3023       20    3248 S        55 N      10.8   19.8         0.979   61.0   3.1   -9.7   2.2
  386  J1740-3015       10     339 D       285 N       2.7    5.4     2   0.956   75.8   0.6  -51.4   0.4
  387  J1740-3015       20    2784 S       497 N       1.9    5.6     3   0.996   78.8   0.3  -31.5   0.2
  388  J1742-4616       20     659 S        43 N      20.2   36.9         0.970   21.1   3.9  -14.6   2.7
  389  J1743-3150       20     956 S       114 N       6.3   11.6     1   0.994   17.2   1.7             
  390  J1743-3153       20    1800 S        33 N      22.8   36.6         0.941                26.9   4.6
  391  J1743-4212       20    1920 S        66 N      11.5   18.2         0.983   14.4   1.4             
  392  J1745-3040       10     449 M       207 N       8.0   23.7     4   0.927   42.6   0.7             
  393  J1745-3040       20    2253 M       865 N       6.2   20.7     6   0.897   43.7   0.2             
  394  J1749-3002       20     959 M       106 N      26.9   50.9     3   0.977   22.7   1.7   10.7   1.2
  395  J1750-3157       20     960 D        58 N       3.0   33.3         0.714   14.5   3.5             
  396  J1755-2534       20    1800 S        11 N      24.5   44.9         0.693                          
  397  J1756-2225       10    1168 D        15 N      14.2   17.8         0.835                          
  398  J1756-2225       20    4563 D        29 N       6.7   20.3         0.904                          
  399  J1757-2421       10     489 M       101 N      25.3   31.4     3   0.871   14.1   1.5             
  400  J1757-2421       20    2106 M       297 N      15.1   28.8     3   0.960   18.4   0.5    2.9   0.4
  401  J1759-2302       20     959 S        29 N      26.5   48.5         0.929                          
  402  J1801-2154       10    2709 S        14 N       7.9   14.4         0.915   40.5  13.4             
  403  J1801-2154       20    8554 S        27 N       8.7   15.8         0.965   34.8   7.0             
  404  J1801-2304       10     579 D        99 N       7.1   21.0         0.964    8.3   2.0             
  405  J1801-2304       20    2700 S        98 Y      63.1  197.7         0.760   10.2   1.6   11.4   1.1
  406  J1801-2451       10     700 S        19 N      10.8   19.8         0.911   51.2  10.6             
  407  J1801-2451       20    2468 S        79 N      13.0   23.7         0.984   62.9   2.4   28.1   1.6
  408  J1801-2920       20     959 M       127 N      16.9   19.8     3   0.955   31.5   1.2   -8.4   0.9
  409  J1803-2137       10     460 D       238 N      24.2   96.5     3   0.855   67.8   0.8   35.4   0.5
  410  J1803-2137       20    2587 M       341 N      35.3  116.9     3   0.940   51.8   0.5   31.3   0.3
  411  J1803-2712       20     960 S        43 N      18.4   33.6         0.973   38.2   4.2             
  412  J1805-0619       20     960 D        42 N      11.1   21.2         0.843   15.0   4.1             
  413  J1806-2125       10    1240 S        16 N       6.8   12.4         0.959                          
  414  J1806-2125       20    5973 S        43 Y      16.4   37.4         0.899               -11.0   3.3
  415  J1808-0813       20     959 S        90 N       9.4   15.8         0.956   17.4   2.0             
  416  J1808-3249       20     959 D        88 N       3.5   17.6         0.817   20.6   2.0   -7.5   1.5
  417  J1809-0743       20     960 S        18 N      13.1   24.1         0.920                          
  418  J1809-1917       10     940 D        82 N      63.0   92.6         0.846   75.3   2.2   36.4   1.5
  419  J1809-1917       20    3848 D        72 N      75.2  102.9         0.850   69.4   2.2   38.9   1.4
  420  J1811-0154       20     959 S        39 N       7.8   15.1         0.919                          
  421  J1812-1910       10    2609 D        11 N      14.2   18.0         0.886                          
  422  J1812-1910       20   11125 S        26 N      22.1   40.4         0.929                38.6   4.5
  423  J1814-1744       20     942 S        32 N       9.1   16.6         0.964                          
  424  J1815-1738       10    2230 S        21 N       4.9    8.9         0.948   76.7   9.9             
  425  J1815-1738       20    9277 S        37 Y      15.4   28.2         0.924   64.3   5.1             
  426  J1816-5643       20     960 S        11 N      10.3   18.8         0.955                          
  427  J1817-3837       20     959 S       114 N       4.6    9.5     2   0.897   11.9   1.0             
  428  J1819+1305       20     960 D        55 N      21.7   31.5         0.920                          
  429  J1820-1529       10    1999 S        40 N       5.9   10.7         0.985                11.8   3.4
  430  J1820-1529       20    8285 S        57 Y      31.1   95.5         0.751                11.2   2.8
  431  J1820-1818       20     960 S        62 N      15.1   27.0         0.929   13.8   3.1             
  432  J1821-1419       10    1987 S         6 N      11.4   20.8         0.561                          
  433  J1821-1419       20    8818 S        14 Y      29.1   53.3         0.818                          
  434  J1822-2256       20     958 S       181 N       9.2   15.9     2   0.992   19.8   1.0   -3.7   0.7
  435  J1824-1945       10     460 D       127 N       3.0    8.1     2   0.938   22.2   1.4   -7.9   0.9
  436  J1824-1945       20    3695 S      1055 N       3.1    5.9     3   0.994   17.4   0.2    0.5   0.1
  437  J1825-1446       10     419 S       124 N       4.1   10.4     2   0.958   55.9   1.5   -3.9   1.0
  438  J1825-1446       20    2496 S       175 Y      11.9   28.4     2   0.948   54.5   1.1             
  439  J1826-1334       10     420 D        88 N      15.6  105.9         0.815   67.9   2.1   36.7   1.6
  440  J1826-1334       20    2528 D       168 N      21.6  123.6     3   0.854   71.9   1.2   37.2   0.8
  441  J1828-1057       10    2509 S        20 N      20.5   37.5         0.891                          
  442  J1828-1057       20   14524 S        30 N      22.5   41.1         0.971               -14.7   3.7
  443  J1828-1101       10     570 S        90 N       4.8    9.7         0.991   50.4   2.8             
  444  J1828-1101 I     10     570 S        23 N       7.4   13.6         0.955   52.9   9.2  -26.7   6.2
  445  J1828-1101       20    2738 S        57 Y      34.1  104.2         0.796   60.0   2.7   20.2   1.7
  446  J1828-1101 I     20    2738 S        12 Y      36.6   67.6         0.850               -25.5   6.6
  447  J1830-1059       10     689 M        60 N       2.0    6.7         0.986   65.6   3.3  -24.8   2.3
  448  J1830-1059       20    6333 S       156 N       2.4    7.1     3   0.990   80.1   1.1  -15.4   0.8
  449  J1831-0952       10     900 D        15 N      41.8   59.0         0.780   49.3   9.3             
  450  J1831-0952       20   11219 S        37 N      44.1   71.3         0.860   61.3   4.1  -20.1   3.1
  451  J1832-0827       10     448 D        93 N       2.2   11.7         0.946   12.3   1.9             
  452  J1832-0827       20    2428 D       280 N       2.6   12.1     3   0.936   20.1   0.6             
  453  J1833-0827       10     570 M        82 N      22.8   59.7         0.874   34.4   2.2             
  454  J1833-0827       20    2229 M       188 N      10.0   37.7     3   0.966    6.5   0.9    2.8   0.7
  455  J1834-0731       10     869 S        28 N       8.6   15.9         0.991                          
  456  J1834-0731       20    3510 S        52 Y      20.1   66.2         0.832   14.7   3.3   16.5   2.3
  457  J1835-0643       10     480 D        22 N       7.4   19.3         0.811                          
  458  J1835-0643       20    2645 S        73 Y      37.1  114.3         0.809                          
  459  J1835-0944       10     900 S        16 N      12.5   22.7         0.920                          
  460  J1835-0944       20    3329 S        37 N      18.3   33.5         0.966                          
  461  J1835-1106       10     450 S        34 N       8.3   15.2         0.975   47.6   5.3             
  462  J1835-1106       20    2138 S       150 N       8.5   18.6     2   0.993   51.7   1.2   10.2   0.8
  463  J1837+1221       20     956 D        37 N       2.3    8.4         0.885   17.0   4.6             
  464  J1837-0045       20     960 S        25 N       7.3   13.3         0.976                          
  465  J1837-0559       10    1409 S        19 N       8.5   15.8         0.984                          
  466  J1837-0559       20    3817 S        31 N      16.5   30.1         0.941                          
  467  J1837-0604       10    1950 S        57 N       8.6   15.7         0.986   77.3   4.4             
  468  J1837-0604       20    9948 S        41 Y      46.1  109.7         0.837   33.2   4.7             
  469  J1837-1837       20     960 S        31 N       5.5   10.2         0.978   21.1   5.9             
  470  J1838-0453       10    1619 S        12 N       7.0   12.6         0.926                          
  471  J1838-0453       20    4943 S        37 N      11.9   21.8         0.931   28.7   4.8             
  472  J1838-0549       10    2129 D        15 N       5.8   22.4         0.818                          
  473  J1838-0549       20    3597 S        24 N      10.6   19.3         0.942                          
  474  J1839-0321       10    1649 S        11 N       4.6    8.6         0.931                          
  475  J1839-0321       20    4317 S        27 N       9.6   17.6         0.942                          
  476  J1839-0905       10    3809 D        22 N      11.7   14.3         0.931                          
  477  J1839-0905       20   15663 D        42 N      14.4   20.6         0.887                          
  478  J1841-0345       20    1830 S        64 N      19.3   35.4         0.980   83.0   3.3             
  479  J1841-0425       10     509 S        60 N       8.2   14.7         0.983   47.8   3.4             
  480  J1841-0425       20    1957 S       213 N       8.5   14.6     2   0.994   58.9   0.9             
  481  J1841-0524       10    2369 S         9 N       5.4   10.2         0.917                          
  482  J1841-0524       20   12360 S        27 N      10.8   19.7         0.966               -17.4   4.0
  483  J1841-7845       20     900 S        15 N      22.5   41.1         0.836                          
  484  J1842+1332       20     960 S        25 N      63.5  119.4         0.958                          
  485  J1842-0905       10     749 D        24 N      13.2   20.9         0.826                          
  486  J1842-0905       20    2434 D        81 N       6.3   20.6         0.873                          
  487  J1843-0355       10    1650 D        39 N      31.2   43.8         0.982   34.7   4.8   22.9   3.4
  488  J1843-0355       20    7268 S        30 Y      50.9   94.7         0.911                20.1   3.7
  489  J1843-0702       20    6186 S        32 N       7.0   12.8         0.985                18.2   4.4
  490  J1843-0702 I     20    6186 S        17 N      10.8   19.8         0.879                          
  491  J1844-0256       10    2159 S        29 N      26.1   47.9         0.957   44.4   6.7  -21.4   5.3
  492  J1844-0256       20   12605 S        35 Y      62.7  118.1         0.870               -12.8   3.5
  493  J1844-0538       10     520 S        48 N       5.8   13.4         0.966   35.1   4.3             
  494  J1844-0538       20    1866 S       185 N      10.0   21.1     2   0.982   43.6   1.0   10.8   0.8
  495  J1845-0316       20    1799 S        24 N      18.7   34.2         0.810                24.8   6.2
  496  J1845-0434       10     580 M       114 N      10.1   14.7     2   0.932   13.3   1.5   -4.3   1.1
  497  J1845-0434       20    2042 D       188 N      11.8   16.8     2   0.969   14.9   0.9   -5.0   0.6
  498  J1845-0743       10     460 M        53 N      14.0   31.6         0.864   19.3   3.4             
  499  J1845-0743       20    2588 M       181 N       7.1   31.7     4   0.912   15.2   0.8    3.1   0.6
  500  J1847-0402       10     459 D       102 N       4.4   15.7     3   0.934   31.7   1.7    5.6   1.2
  501  J1847-0402       20    1772 M       299 N      12.1   17.6     3   0.858   17.7   0.5    5.4   0.4
  502  J1848-1414       20     960 S        26 N      15.1   27.5         0.925                28.1   4.9
  503  J1852-2610       20    1919 D        88 N       9.7   30.2         0.940   26.7   2.0             
  504  J1853+0011       20    5998 S        23 N       9.1   16.5         0.969                          
  505  J1853-0004       10    1050 S        23 N       3.6    6.7         0.952   79.0   9.4             
  506  J1853-0004       20    2309 D        38 N       6.7   43.1         0.833   70.6   7.0             
  507  J1855-0941       20     960 S        33 N      21.0   46.9         0.862                          
  508  J1901-0906       20     898 D       228 N       9.0   11.3     4   0.952   28.4   0.8             
  509  J1901-1740       20     957 S        12 N       9.7   17.8         0.933                          
  510  J1904+0004       20     960 S       104 N      19.1   34.9     1   0.983   23.9   1.6   14.4   1.2
  511  J1904-1224       20     959 S        26 N       3.2   11.2         0.821                          
  512  J1919+0134       20     959 D       105 N       9.6   17.9     2   0.927   19.3   1.6   -8.9   1.1
  513  J1932-3655       20     959 D        51 N       3.8   13.0         0.959   27.0   3.4   11.1   2.4
  514  J1943+0609       20     960 D        37 N       7.2   16.7         0.823                          
  515  J1944-1750       20    1918 S        24 N      20.9   38.4         0.958                          
  516  J1946-1312       20     959 S        24 N       7.9   14.6         0.966                          
  517  J1946-2913       20     959 S        49 N       3.9   10.9         0.904                          
  518  J1947+0915       20     657 S        13 N       7.4   13.5         0.938                          
  519  J1949-2524       20     959 S         3 N       2.7    5.2         0.949                          
  520  J1956+0838       20     959 S        34 N      16.3   29.8         0.983                          
  521  J2006-0807       20    1919 M       210 N      48.2   64.7     3   0.989   37.0   0.8             
  522  J2007+0809       20     960 S        21 N      88.0  172.2         0.915                          
  523  J2048-1616       20     957 M      1915 N      12.1   15.1     3   0.833   37.5   0.1    3.8   0.0
  524  J2108-3429       20    1918 S        70 N       3.7    6.7         0.974    8.5   2.8   19.7   2.0
  525  J2116+1414       20     960 S        45 N       7.1   20.3         0.957                          
  526  J2248-0101       20     959 S        32 N       6.9   12.5         0.985                          
  527  J2346-0609       20     958 D        55 N      15.3   18.3         0.964   33.7   3.0   10.1   1.9
